-1	-1	-1	-1	-1	-1	-1	-1	-1	-1	-1	-1	-1	-1	-1	-1	-1	-1	-1	-1	-1	-1	-1	-1	-1	-1	-1	-1	-1	-1	-1	-1	-1	-1	-1	-1	-1	-1	-1	-1	-1	-1	-1	-1	-1	-1	-1	-1	-1	-1	-1	-1	-1	-1	-1	-1	-1	-1	-1	-1	-1	-1	-1	-1	-1	-1	-1	-1	410	-1	-1	-1	-1	-1	-1	-1	-1	-1	-1	-1	-1	-1	-1	-1	-1	-1	-1	-1	-1	-1	-1	-1	-1	-1	-1	-1	-1	-1	-1	-1	-1	-1	-1	-1	-1	-1	-1	-1	-1	-1	-1	-1	-1	-1	-1	-1	-1	-1	-1	-1	-1	-1	-1	-1	-1	-1	-1	236	-1	-1	-1	-1	-1	-1	-1	-1	-1	-1	-1	-1	-1	-1	-1	-1	-1	-1	-1	-1	372	-1	-1	-1	-1	-1	-1	-1	-1	-1	-1	-1	-1	-1	-1
-1	-1	-1	0	440	-1	-1	0	-1	-1	-1	-1	-1	-1	-1	-1	0	434	-1	-1	0	-1	-1	-1	1	-1	-1	-1	0	-1	-1	-1	0	-1	-1	-1	-1	0	-1	-1	-1	0	422	-1	-1	-1	-1	274	-1	-1	-1	-1	-1	-1	-1	-1	-1	-1	0	414	-1	-1	-1	0	412	-1	-1	-1	-1	-1	-1	-1	408	-1	-1	1	-1	-1	-1	0	-1	-1	-1	-1	-1	-1	-1	0	0	-1	-1	-1	0	-1	-1	-1	-1	-1	396	-1	1	-1	-1	-1	0	-1	392	-1	-1	-1	-1	-1	-1	0	-1	-1	-1	-1	-1	-1	-1	0	-1	238	296	-1	-1	296	-1	-1	-1	380	-1	-1	-1	-1	-1	-1	0	-1	376	-1	-1	1	-1	-1	-1	0	-1	-1	5	0	-1	370	-1	-1	-1	222	-1	-1	-1	-1	-1
-1	296	9	2	296	-1	9	734	442	588	734	9	734	588	734	10	734	442	588	734	1	734	588	734	2	734	296	734	10	588	442	588	734	588	426	442	9	734	150	734	8	734	588	734	588	734	442	734	296	9	734	442	734	9	1	442	588	8	3	296	588	296	9	588	296	588	8	588	410	588	9	588	150	442	8	2	588	296	9	8	588	404	734	734	442	588	734	9	150	588	150	8	3	442	150	734	5	296	588	296	7	150	734	150	8	3	442	-1	7	2	588	296	7	5	150	296	442	8	296	734	442	734	0	588	734	7	0	588	-1	8	4	-1	442	-1	7	442	588	-1	6	-1	734	150	8	3	228	-1	3	1	442	442	7	8	-1	224	734	734	296	442	734	7	-1	-1	-1
-1	-1	11	11	440	-1	13	10	-1	-1	11	10	-1	-1	15	11	-1	434	-1	12	16	-1	1	12	13	-1	284	1	12	-1	-1	1	11	-1	-1	-1	10	-1	-1	-1	9	14	-1	-1	10	12	-1	274	-1	12	-1	-1	2	13	-1	-1	-1	12	13	414	0	1	11	-1	266	0	13	-1	-1	-1	12	1	408	-1	12	-1	-1	-1	12	11	-1	-1	0	12	-1	402	0	11	-1	-1	-1	12	-1	-1	-1	1	13	-1	396	0	12	-1	-1	1	12	-1	392	1	2	-1	-1	1	13	-1	-1	388	2	10	-1	-1	2	2	-1	238	1	12	-1	-1	1	13	10	380	-1	1	0	-1	-1	0	9	-1	376	0	2	-1	82	-1	4	8	588	-1	5	4	588	370	0	1	588	-1	12	-1	-1	-1	-1
-1	1	13	11	13	0	14	13	15	1	12	14	-1	-1	-1	1	-1	13	1	14	14	432	-1	14	13	13	430	14	14	15	282	0	16	-1	17	-1	18	-1	19	27	12	20	24	-1	25	13	19	26	20	27	32	21	28	14	-1	30	1	22	9	23	32	21	12	-1	412	-1	24	-1	410	-1	22	35	262	26	13	27	260	28	38	29	39	1	40	11	41	256	44	12	45	400	46	44	47	398	1	11	45	23	-1	24	10	25	394	0	13	26	30	1	27	10	28	31	29	32	242	33	-1	34	47	386	48	55	49	384	-1	50	-1	51	-1	52	58	53	59	54	60	-1	30	-1	55	31	230	0	4	12	32	35	33	36	34	37	35	38	36	60	-1	1	61	368	62	-1	-1	-1	-1
-1	-1	14	12	1	14	-1	13	-1	292	13	14	12	436	-1	-1	11	288	2	10	13	286	-1	18	14	-1	19	-1	13	20	428	-1	12	20	280	21	22	22	424	23	13	12	24	276	-1	-1	-1	128	-1	13	-1	418	-1	-1	-1	-1	-1	-1	10	268	-1	-1	13	-1	266	-1	11	13	-1	-1	-1	-1	-1	-1	-1	-1	406	-1	-1	13	-1	404	-1	-1	-1	-1	-1	42	13	43	-1	-1	12	252	-1	-1	10	-1	104	-1	-1	-1	248	-1	10	12	-1	-1	-1	12	390	-1	-1	6	-1	388	-1	-1	-1	-1	-1	13	-1	-1	-1	-1	-1	236	-1	-1	13	380	-1	-1	-1	-1	-1	7	-1	-1	84	1	-1	-1	374	-1	-1	-1	372	-1	-1	-1	-1	224	298	3	-1	-1	-1	-1	-1	-1	-1
-1	-1	-1	13	444	298	444	-1	736	438	736	298	736	590	736	590	736	590	152	736	444	432	736	152	590	444	590	152	590	152	590	152	13	590	426	444	14	590	278	736	152	736	422	298	736	152	736	420	736	13	736	444	298	590	152	590	-1	590	12	414	590	298	590	298	590	152	590	444	590	444	298	444	408	-1	14	-1	698	298	152	298	-1	696	444	13	444	402	444	152	444	692	444	444	152	398	152	444	152	298	396	298	444	298	394	152	14	152	392	444	298	13	682	-1	14	444	242	298	-1	298	-1	386	-1	-1	298	384	298	9	444	382	-1	298	-1	444	-1	13	444	152	444	152	-1	590	376	-1	152	444	-1	444	444	-1	444	-1	9	-1	-1	370	-1	12	-1	222	444	736	-1	-1	-1
-1	-1	14	-1	732	-1	13	14	-1	730	-1	-1	152	728	152	-1	14	288	-1	13	-1	578	-1	15	-1	-1	284	-1	-1	-1	-1	-1	14	-1	718	-1	-1	-1	444	-1	444	14	444	276	-1	14	-1	128	-1	-1	-1	418	-1	14	298	-1	-1	14	13	706	-1	-1	-1	14	266	-1	-1	-1	702	-1	9	-1	444	-1	-1	590	114	444	10	-1	-1	404	736	-1	736	694	590	-1	-1	590	-1	590	-1	252	-1	590	-1	-1	104	-1	590	-1	248	-1	-1	590	-1	-1	736	590	390	590	-1	444	388	736	444	-1	736	-1	736	736	590	444	590	-1	-1	590	-1	590	-1	526	-1	-1	590	-1	-1	-1	10	-1	230	-1	-1	-1	520	-1	590	152	664	590	-1	-1	-1	224	152	-1	590	590	736	736	-1	-1	-1
-1	-1	13	2	440	-1	-1	-1	-1	438	13	15	-1	144	-1	-1	-1	434	13	15	-1	724	14	12	16	15	138	-1	16	-1	428	-1	-1	-1	426	-1	-1	-1	570	-1	18	-1	422	19	-1	20	-1	21	10	-1	-1	710	-1	-1	-1	416	-1	-1	-1	268	-1	10	14	-1	120	-1	-1	-1	-1	-1	10	-1	700	-1	-1	-1	698	-1	-1	14	-1	696	-1	-1	-1	402	-1	13	-1	400	-1	13	-1	544	-1	-1	-1	-1	542	-1	-1	-1	686	-1	-1	-1	392	-1	9	-1	682	-1	-1	13	242	680	-1	11	-1	386	-1	-1	-1	676	-1	-1	-1	528	-1	-1	-1	234	-1	298	-1	-1	670	-1	-1	-1	668	-1	-1	-1	82	-1	7	-1	226	-1	-1	6	-1	662	-1	-1	-1	222	-1	-1	-1	-1	-1
-1	-1	-1	13	732	12	-1	-1	14	-1	14	15	-1	436	16	15	-1	-1	17	13	16	578	-1	20	17	-1	18	17	-1	19	720	17	20	22	21	22	22	-1	23	22	24	24	568	25	27	26	-1	420	27	22	-1	28	29	31	23	416	24	-1	31	32	-1	25	34	33	35	26	15	27	25	37	28	26	29	39	30	-1	31	39	32	40	42	40	-1	41	-1	694	43	43	-1	692	44	44	45	252	47	13	48	46	-1	47	45	50	394	33	48	27	-1	28	35	48	29	49	37	-1	38	388	51	54	-1	55	-1	56	-1	57	-1	58	60	59	61	60	62	234	63	14	64	62	232	30	52	31	230	32	5	33	666	34	43	-1	35	54	36	8	46	224	47	37	298	71	-1	72	-1	70	73
-1	-1	15	-1	440	-1	-1	15	-1	730	14	37	-1	728	-1	-1	-1	726	-1	-1	-1	17	-1	18	16	-1	19	-1	11	20	428	-1	14	-1	280	-1	15	-1	570	-1	10	-1	-1	714	-1	15	-1	274	-1	-1	-1	710	-1	15	-1	124	-1	-1	15	706	-1	-1	-1	-1	704	-1	-1	-1	556	-1	-1	-1	554	-1	-1	-1	698	-1	-1	-1	-1	696	-1	14	-1	256	-1	-1	-1	254	-1	-1	-1	690	-1	8	-1	-1	688	-1	14	-1	686	-1	-1	-1	392	-1	-1	-1	244	-1	-1	-1	242	-1	300	-1	300	678	-1	-1	-1	676	-1	300	-1	674	-1	15	300	-1	-1	-1	-1	-1	670	-1	-1	-1	84	-1	-1	-1	228	-1	-1	-1	-1	-1	-1	-1	-1	662	-1	300	300	-1	-1	-1	-1	-1	-1
-1	-1	15	446	586	446	738	15	446	738	592	738	446	738	446	738	154	738	16	446	592	724	592	446	592	154	722	300	592	300	720	592	15	-1	426	592	738	446	738	446	738	15	738	446	738	446	738	712	592	738	446	592	446	592	154	708	-1	446	592	154	592	446	738	154	446	154	446	-1	702	-1	446	300	700	-1	446	-1	552	446	592	15	738	112	592	300	592	694	592	300	592	692	154	592	300	252	300	-1	592	446	300	154	300	446	540	300	-1	446	684	446	10	446	682	738	446	738	680	738	-1	446	738	532	592	300	-1	592	-1	-1	446	592	154	592	-1	672	446	15	592	446	592	-1	11	592	668	300	-1	154	520	446	-1	446	518	-1	446	7	738	516	-1	154	592	660	738	738	154	-1	-1
-1	-1	-1	-1	732	-1	-1	-1	-1	730	13	16	-1	728	-1	16	15	726	-1	16	-1	286	-1	-1	-1	-1	284	-1	15	-1	-1	-1	-1	-1	718	-1	11	-1	570	-1	15	-1	-1	130	-1	-1	-1	566	-1	15	-1	564	-1	10	-1	562	-1	9	-1	706	-1	-1	15	-1	558	-1	16	-1	556	-1	15	-1	408	-1	16	-1	-1	-1	-1	-1	-1	696	-1	-1	-1	256	-1	-1	-1	546	-1	14	-1	544	-1	14	-1	-1	542	-1	-1	-1	248	-1	-1	-1	538	-1	12	-1	244	-1	-1	16	242	-1	-1	-1	-1	678	-1	-1	-1	530	-1	13	-1	674	-1	-1	-1	526	-1	-1	-1	300	670	-1	300	-1	84	-1	6	-1	666	-1	8	592	664	-1	10	592	-1	662	-1	-1	-1	76	-1	-1	-1	-1	-1
-1	-1	-1	9	10	11	13	16	-1	584	-1	38	-1	582	-1	-1	16	580	17	-1	-1	724	-1	17	13	16	18	19	19	-1	20	-1	21	20	426	22	16	23	716	23	23	24	24	714	25	25	26	712	26	27	27	710	28	16	29	708	-1	31	28	31	122	32	29	-1	704	30	26	31	35	27	36	28	700	37	34	38	698	39	36	40	40	41	41	15	42	548	43	-1	44	108	44	-1	46	690	-1	46	-1	47	29	37	14	38	30	39	31	40	32	41	-1	42	98	51	43	52	680	54	53	54	-1	532	55	7	56	676	57	-1	58	528	60	59	16	60	-1	61	44	62	45	63	-1	46	33	47	34	48	66	35	67	36	518	37	51	69	52	38	66	7	71	660	72	14	73	-1	68
-1	-1	16	-1	1	12	13	16	-1	730	13	-1	14	728	-1	15	-1	726	16	14	-1	578	-1	-1	17	18	576	-1	19	-1	-1	20	16	-1	572	-1	-1	13	132	22	-1	23	276	-1	-1	11	-1	566	-1	-1	-1	418	-1	-1	-1	562	-1	15	-1	560	-1	-1	-1	-1	558	-1	14	-1	702	-1	16	-1	116	-1	9	-1	-1	-1	12	16	-1	550	-1	-1	-1	110	-1	-1	-1	546	-1	-1	-1	544	-1	-1	-1	-1	250	-1	15	-1	248	-1	-1	-1	538	-1	11	-1	536	-1	-1	-1	242	-1	-1	14	-1	678	-1	11	-1	530	302	-1	-1	90	-1	-1	11	526	-1	16	10	-1	86	-1	12	-1	522	-1	-1	-1	520	-1	12	-1	664	-1	5	-1	78	-1	302	-1	300	76	-1	9	-1	-1	-1
-1	302	-1	-1	586	-1	448	594	448	740	302	740	14	740	594	740	-1	740	594	740	594	740	-1	594	740	302	594	-1	594	-1	720	-1	594	594	448	740	594	740	716	740	594	740	594	714	740	13	740	712	740	594	740	710	594	302	594	708	594	14	594	414	594	302	594	156	448	594	448	594	448	594	17	448	554	448	17	448	552	740	594	302	740	302	740	594	448	594	448	594	448	108	156	448	594	690	-1	15	594	302	542	594	448	156	448	-1	448	-1	246	-1	448	-1	448	302	-1	17	680	448	448	302	-1	532	-1	-1	448	238	-1	14	302	528	448	302	-1	448	-1	302	448	-1	670	448	11	-1	668	594	7	156	82	448	9	-1	518	-1	448	-1	740	-1	302	302	302	740	740	740	156	-1	-1
-1	-1	-1	17	294	-1	-1	17	-1	730	-1	-1	-1	728	-1	-1	16	726	-1	17	-1	578	-1	16	14	-1	722	-1	14	-1	282	-1	16	-1	572	-1	-1	17	424	-1	16	11	-1	568	-1	17	-1	420	-1	-1	-1	418	-1	15	17	416	-1	-1	17	560	-1	-1	-1	-1	266	-1	17	-1	556	-1	13	-1	14	-1	13	-1	406	-1	15	-1	-1	550	-1	14	-1	402	-1	-1	-1	546	-1	15	-1	252	-1	11	-1	-1	104	-1	13	594	540	594	16	594	684	-1	13	-1	536	-1	16	-1	242	-1	-1	-1	740	594	740	594	-1	594	740	14	-1	236	-1	9	594	88	594	17	-1	594	-1	-1	-1	-1	522	-1	-1	-1	520	-1	10	-1	-1	-1	-1	8	224	-1	4	-1	-1	594	448	302	-1	-1	-1
-1	-1	17	0	732	586	-1	13	-1	584	14	-1	-1	15	-1	13	-1	434	17	-1	18	724	14	-1	18	15	430	-1	19	-1	20	-1	13	21	426	22	-1	23	716	-1	26	17	27	714	-1	12	-1	566	-1	17	-1	564	-1	15	-1	562	-1	14	-1	414	28	12	-1	29	558	30	15	31	-1	32	18	33	554	34	10	-1	552	-1	-1	17	-1	258	-1	16	-1	548	-1	14	-1	-1	-1	15	-1	544	-1	16	-1	542	250	-1	16	50	248	-1	15	-1	246	-1	14	12	244	-1	-1	-1	534	-1	15	9	-1	240	-1	-1	-1	530	-1	10	-1	528	-1	-1	12	234	-1	-1	11	-1	86	-1	13	-1	-1	-1	13	-1	82	-1	10	-1	518	-1	-1	8	78	-1	-1	-1	302	514	-1	-1	-1	-1	-1
-1	-1	-1	12	14	13	16	17	-1	-1	-1	16	-1	582	-1	16	15	580	-1	14	15	578	16	19	17	20	18	20	16	21	18	22	14	-1	572	21	18	21	22	22	-1	12	-1	568	24	24	25	420	26	-1	27	27	27	28	29	708	30	15	-1	560	-1	32	17	33	33	24	18	25	264	26	36	36	37	37	38	38	39	39	40	40	-1	550	41	16	42	402	43	16	44	546	45	45	46	46	47	47	48	48	49	-1	27	-1	28	36	29	37	684	30	51	31	536	53	53	54	54	55	55	12	-1	532	57	57	58	-1	58	15	59	40	60	41	61	62	62	32	42	63	232	64	33	65	34	44	35	45	36	46	37	47	69	38	48	66	49	-1	39	13	69	73	-1	74	-1	-1	-1
-1	-1	-1	18	-1	440	-1	-1	-1	730	-1	13	-1	728	-1	15	-1	726	-1	16	-1	432	-1	17	-1	-1	430	-1	-1	-1	428	-1	-1	-1	426	-1	-1	12	570	-1	17	-1	-1	422	16	18	-1	566	-1	11	-1	564	-1	18	-1	562	-1	-1	10	414	-1	15	-1	-1	558	-1	9	-1	556	-1	17	-1	554	-1	18	14	-1	-1	-1	18	-1	-1	-1	15	-1	548	-1	13	-1	-1	-1	12	9	544	-1	12	-1	542	250	16	14	-1	248	-1	17	-1	538	-1	13	304	244	304	10	-1	304	-1	304	-1	304	386	-1	12	-1	530	-1	-1	-1	528	-1	18	-1	13	-1	13	-1	-1	86	12	14	-1	84	-1	-1	-1	82	-1	11	-1	-1	-1	-1	9	78	-1	-1	-1	-1	222	-1	-1	-1	-1	-1
-1	450	18	450	304	586	-1	18	742	596	742	17	742	582	596	742	596	742	596	742	450	742	304	742	19	742	576	596	742	596	742	450	742	450	596	304	596	742	596	742	450	742	450	742	450	596	742	596	742	18	742	450	596	742	596	708	596	15	596	-1	450	13	18	-1	304	450	158	450	410	450	19	304	450	304	450	742	552	-1	596	-1	742	596	742	596	158	596	-1	450	596	158	596	16	-1	252	596	15	450	-1	450	-1	17	450	540	450	450	450	100	450	15	-1	536	-1	18	450	534	742	596	742	450	742	15	450	742	450	742	15	450	450	-1	16	450	234	158	450	12	-1	524	158	742	158	522	158	14	450	520	450	14	-1	450	-1	158	742	516	-1	5	-1	450	742	742	742	-1	-1	-1
-1	-1	15	19	-1	732	15	19	-1	292	-1	15	-1	728	-1	18	-1	288	-1	19	-1	578	-1	-1	16	-1	284	16	12	-1	428	-1	15	14	572	-1	13	-1	570	-1	-1	-1	-1	276	-1	19	-1	566	-1	-1	-1	564	-1	19	-1	562	-1	16	19	560	414	18	-1	-1	266	-1	19	-1	556	-1	14	-1	408	-1	19	-1	-1	-1	14	-1	-1	550	14	18	-1	402	-1	17	-1	546	-1	-1	-1	544	-1	-1	17	542	104	12	-1	-1	248	16	18	-1	246	-1	4	9	244	-1	-1	18	242	-1	16	13	-1	-1	-1	-1	-1	530	-1	304	-1	528	304	19	-1	88	-1	19	-1	-1	86	-1	15	-1	84	-1	14	-1	228	-1	12	-1	372	-1	6	-1	78	-1	-1	8	-1	-1	-1	13	-1	-1	-1
-1	-1	19	10	2	11	11	18	14	584	-1	18	15	15	-1	15	16	580	17	17	14	432	18	19	19	20	20	-1	21	-1	22	22	19	23	-1	24	17	-1	25	22	26	23	-1	568	24	15	25	25	26	19	27	22	28	28	-1	708	30	30	17	31	122	32	19	33	558	34	27	27	33	28	20	29	554	30	38	36	552	37	40	19	-1	41	32	42	40	548	41	18	42	400	43	15	44	106	44	13	45	250	46	45	31	-1	32	-1	33	31	34	32	14	33	50	34	51	35	46	52	47	14	-1	532	-1	55	49	56	50	11	51	58	52	-1	59	14	54	35	60	524	232	36	34	-1	37	-1	62	36	520	38	64	-1	38	39	66	10	40	57	41	39	304	514	-1	-1	60	-1	-1
-1	-1	-1	18	13	732	12	14	-1	292	-1	42	-1	582	14	17	-1	288	-1	20	-1	578	-1	17	19	-1	576	16	13	19	-1	-1	16	19	572	20	14	16	21	-1	18	15	-1	276	-1	11	-1	128	-1	-1	-1	564	-1	20	-1	562	-1	16	-1	560	-1	14	19	-1	266	-1	20	-1	556	-1	16	-1	408	-1	20	-1	114	-1	17	18	-1	550	-1	-1	-1	402	-1	10	-1	546	-1	-1	-1	544	-1	16	-1	-1	104	-1	-1	-1	540	15	19	-1	-1	-1	16	-1	244	-1	19	19	242	-1	-1	18	-1	-1	16	11	-1	-1	-1	16	-1	236	-1	18	-1	234	-1	20	13	-1	86	-1	14	-1	230	-1	9	-1	228	-1	13	-1	-1	-1	7	-1	78	-1	6	9	-1	76	-1	13	-1	-1	-1
-1	-1	20	452	-1	598	744	20	744	584	744	452	598	744	452	16	744	598	744	18	744	598	744	598	744	598	744	452	744	306	598	306	452	15	452	-1	744	17	744	598	744	452	598	744	598	744	598	744	598	744	744	306	598	744	452	744	452	744	452	160	414	452	306	160	558	160	452	-1	452	306	21	306	554	-1	452	-1	552	452	20	744	306	452	598	452	598	548	598	13	452	400	160	19	598	106	160	744	452	250	452	13	14	306	102	452	18	452	452	452	15	-1	98	452	-1	306	452	306	15	452	452	240	-1	452	-1	92	452	17	160	528	160	452	160	-1	452	160	14	524	-1	452	598	-1	-1	306	744	-1	-1	-1	744	452	452	-1	452	-1	224	-1	9	-1	-1	744	452	598	-1	-1	-1
-1	-1	-1	17	-1	732	-1	20	-1	730	16	19	-1	582	-1	18	-1	580	-1	21	-1	140	578	18	18	-1	576	-1	14	-1	282	17	17	-1	572	-1	15	-1	424	-1	20	17	-1	276	-1	12	-1	128	16	12	-1	418	-1	17	-1	416	-1	-1	18	268	-1	20	20	-1	266	14	21	-1	556	-1	17	-1	-1	-1	17	-1	406	-1	16	19	-1	550	15	18	-1	-1	-1	12	452	546	-1	452	-1	252	-1	-1	-1	-1	104	-1	19	-1	540	-1	-1	-1	538	-1	-1	-1	244	-1	598	744	242	744	14	744	-1	678	744	12	598	-1	598	12	598	236	-1	744	19	526	-1	744	6	86	-1	-1	15	-1	522	-1	160	-1	520	-1	9	-1	518	-1	-1	8	516	160	14	-1	598	598	744	306	-1	-1	-1
-1	-1	21	9	-1	586	14	21	14	584	13	15	-1	14	16	17	15	434	-1	16	18	432	14	17	18	15	19	17	20	18	21	19	20	22	426	23	-1	24	570	-1	25	18	-1	422	26	21	27	566	-1	18	-1	564	-1	21	-1	562	-1	21	18	560	28	15	29	33	30	34	31	-1	-1	32	22	33	554	34	21	35	39	36	40	17	-1	41	38	17	39	402	40	14	41	-1	-1	46	43	544	-1	14	47	542	48	45	49	50	36	11	37	-1	246	27	17	28	43	-1	9	11	45	47	46	48	-1	94	49	57	-1	58	39	19	51	528	47	10	48	40	-1	41	15	-1	49	42	29	-1	43	56	44	-1	45	-1	57	46	80	34	58	47	-1	59	-1	60	-1	61	-1	-1	62	-1	-1
-1	-1	17	8	12	13	13	21	-1	-1	-1	20	14	582	-1	15	19	580	16	19	18	17	578	18	19	19	576	-1	19	18	282	20	18	21	20	21	22	18	424	23	16	21	24	568	13	25	-1	420	27	21	27	418	28	19	18	416	30	30	31	31	32	21	21	32	33	33	19	35	556	36	21	37	262	34	37	14	552	-1	21	18	-1	404	-1	-1	43	548	44	14	-1	546	-1	15	-1	252	-1	17	18	104	-1	-1	20	-1	-1	16	12	51	38	17	16	52	-1	-1	21	11	54	-1	55	10	-1	56	17	13	50	384	-1	13	-1	59	-1	60	-1	526	61	54	62	524	63	-1	64	-1	522	-1	65	-1	520	-1	15	-1	518	-1	-1	9	516	-1	69	-1	70	306	71	14	-1	-1	-1
-1	-1	22	20	-1	148	-1	22	-1	730	17	454	-1	454	-1	454	21	454	-1	17	454	-1	454	-1	454	-1	454	18	15	-1	428	-1	-1	21	572	-1	16	19	570	-1	17	18	-1	422	-1	22	-1	566	-1	13	-1	564	-1	22	-1	562	-1	22	-1	268	560	11	19	-1	558	-1	22	454	-1	454	14	454	554	-1	22	21	-1	-1	11	-1	-1	550	16	17	-1	402	-1	-1	-1	254	-1	10	454	544	454	9	16	396	-1	-1	17	-1	248	-1	21	-1	246	-1	19	308	244	308	-1	12	96	-1	308	-1	308	240	308	19	162	530	308	9	162	528	162	12	-1	234	-1	-1	-1	86	-1	-1	8	-1	84	10	17	-1	82	-1	10	-1	-1	-1	9	-1	-1	-1	308	308	308	-1	162	14	-1	-1	-1
454	-1	22	19	454	586	454	19	600	746	17	746	162	746	-1	18	746	600	746	20	746	18	746	20	746	-1	746	308	20	746	574	746	20	746	426	746	-1	454	746	454	746	19	746	568	746	14	746	420	600	746	-1	746	162	746	20	454	746	454	746	162	746	22	454	-1	162	15	20	-1	410	-1	23	-1	454	746	454	746	552	454	746	454	746	404	746	454	746	548	746	15	454	400	454	-1	16	106	-1	162	746	162	454	21	16	-1	540	-1	9	-1	454	454	17	-1	454	-1	454	746	-1	746	16	600	746	94	746	11	746	454	-1	746	454	236	454	746	-1	526	-1	16	454	524	-1	454	600	746	522	9	11	-1	520	162	454	-1	518	-1	454	600	-1	-1	162	454	454	746	746	15	-1	-1	-1
-1	-1	-1	21	-1	732	22	-1	-1	730	13	23	-1	728	-1	-1	20	142	15	23	-1	14	578	-1	20	15	284	-1	16	-1	428	17	19	-1	572	-1	17	-1	-1	-1	-1	19	-1	422	-1	-1	-1	274	-1	14	-1	564	-1	11	21	562	-1	11	20	268	560	12	20	-1	558	-1	10	-1	556	-1	15	-1	554	-1	9	22	-1	-1	12	21	-1	550	-1	18	-1	402	-1	11	-1	546	-1	11	-1	252	-1	18	17	250	-1	-1	18	-1	-1	-1	22	-1	-1	18	-1	20	244	-1	22	22	242	-1	-1	11	-1	678	13	20	-1	530	-1	-1	-1	528	-1	13	-1	234	-1	8	8	86	-1	-1	9	-1	84	-1	11	-1	82	-1	-1	-1	-1	-1	-1	-1	78	-1	15	8	-1	-1	15	-1	-1	-1	-1
-1	-1	0	8	11	12	14	23	18	438	15	20	15	582	16	16	20	580	-1	17	20	-1	18	19	20	-1	20	16	21	21	22	17	-1	23	21	24	-1	25	570	-1	26	20	27	568	28	23	29	566	30	20	27	31	28	-1	28	32	30	23	31	122	33	30	34	33	35	34	21	36	410	37	24	38	37	-1	25	39	552	39	22	40	-1	41	37	42	-1	548	-1	16	40	400	41	40	44	398	45	-1	20	46	41	8	42	48	43	49	44	50	45	51	10	46	52	-1	53	13	54	-1	55	43	-1	532	56	12	-1	57	-1	58	47	59	-1	47	60	48	61	49	62	524	63	50	28	64	51	65	52	66	53	67	4	54	518	33	69	34	70	55	71	-1	72	51	73	16	-1	-1	-1
-1	-1	-1	20	10	2	-1	23	-1	730	-1	22	46	728	-1	24	21	726	-1	24	-1	-1	578	21	21	18	284	-1	17	-1	428	-1	20	21	572	-1	18	-1	132	-1	18	20	-1	276	-1	15	-1	128	-1	15	-1	564	-1	12	20	562	-1	12	21	268	560	13	23	-1	266	11	24	-1	556	-1	16	-1	408	-1	10	-1	406	-1	-1	22	-1	550	11	19	-1	402	-1	12	-1	546	-1	-1	17	-1	-1	19	-1	104	-1	-1	19	-1	-1	-1	10	-1	-1	-1	-1	21	244	-1	8	14	-1	-1	-1	-1	-1	-1	-1	-1	-1	530	-1	20	-1	90	-1	14	-1	526	310	9	9	86	-1	-1	10	-1	84	-1	310	-1	520	310	12	-1	-1	-1	-1	-1	78	-1	16	308	-1	-1	8	-1	-1	-1	-1
-1	-1	24	310	456	586	602	310	602	748	602	748	456	748	310	748	310	748	164	748	456	310	748	310	25	748	456	748	456	748	574	748	22	748	426	748	310	748	570	748	456	748	602	568	748	24	748	566	748	21	456	748	310	748	22	748	310	748	21	748	164	310	748	310	748	310	748	310	-1	748	25	748	554	748	24	748	552	748	13	748	164	310	748	310	748	548	748	17	456	400	456	748	310	398	310	10	18	456	310	9	18	310	394	310	23	310	456	310	11	456	-1	-1	456	748	96	748	310	12	602	532	602	456	-1	456	-1	310	456	528	-1	456	310	234	456	602	18	524	-1	456	748	164	-1	10	13	164	374	-1	456	456	518	748	456	-1	-1	164	-1	-1	456	748	748	17	-1	-1	-1
-1	-1	-1	21	-1	732	-1	24	-1	730	-1	23	21	728	14	25	22	15	-1	25	21	-1	578	22	22	-1	576	-1	18	-1	-1	-1	24	20	718	-1	19	20	132	-1	19	24	-1	276	-1	16	-1	128	-1	-1	21	418	-1	13	21	562	-1	13	22	-1	560	24	19	-1	-1	12	-1	-1	556	-1	-1	19	-1	-1	11	-1	406	-1	-1	23	-1	550	-1	-1	-1	256	-1	13	17	546	-1	18	18	-1	-1	20	-1	104	-1	-1	23	-1	102	-1	11	-1	100	-1	-1	-1	536	-1	9	14	388	-1	-1	748	-1	678	-1	13	602	-1	748	12	-1	236	-1	15	-1	526	-1	10	10	-1	-1	-1	602	-1	522	12	602	-1	520	602	5	-1	-1	-1	10	602	516	-1	17	456	-1	310	9	17	-1	-1	-1
-1	-1	25	-1	9	586	-1	24	-1	584	-1	-1	15	436	-1	21	24	726	17	-1	16	17	724	17	18	18	19	-1	19	20	720	21	21	22	426	23	-1	24	716	25	-1	26	-1	27	25	28	29	566	29	16	31	30	28	31	23	29	32	25	33	32	34	14	35	34	36	38	25	37	26	38	17	39	554	40	25	29	552	40	14	41	-1	42	12	20	43	548	44	41	45	400	-1	42	-1	544	-1	11	43	542	44	10	45	51	46	43	47	44	48	-1	32	-1	244	55	-1	56	534	57	45	58	386	59	-1	60	-1	530	61	8	62	528	63	49	-1	50	-1	51	19	524	52	33	53	34	54	69	55	-1	56	-1	37	57	51	55	-1	56	38	58	-1	39	310	59	-1	77	-1	78	-1
-1	-1	25	13	10	12	11	25	14	292	13	24	22	582	14	26	23	15	-1	23	16	-1	578	23	26	-1	722	-1	23	20	19	20	25	23	718	22	-1	21	23	26	24	24	25	568	26	22	26	128	-1	22	23	418	-1	-1	23	30	31	14	23	-1	560	-1	20	-1	34	-1	35	-1	556	36	26	37	408	-1	-1	18	406	-1	-1	21	-1	550	-1	19	-1	256	-1	14	-1	546	46	-1	47	398	-1	48	-1	49	-1	-1	24	-1	102	-1	16	-1	538	-1	12	-1	536	-1	-1	15	388	-1	-1	14	-1	532	-1	14	-1	384	-1	13	-1	382	-1	20	-1	526	-1	11	11	-1	-1	-1	19	-1	522	11	14	-1	228	-1	6	-1	518	-1	11	-1	516	74	-1	-1	75	-1	76	-1	-1	-1	-1
-1	-1	26	24	-1	586	-1	-1	-1	730	-1	26	14	728	-1	458	25	726	434	26	458	-1	458	-1	23	-1	284	-1	19	-1	428	-1	-1	25	572	-1	20	23	570	278	-1	22	-1	714	312	26	-1	566	458	-1	-1	564	-1	14	24	562	-1	26	458	-1	458	15	458	-1	558	-1	13	-1	-1	-1	18	20	554	-1	12	-1	-1	-1	15	-1	312	-1	13	21	312	548	312	-1	-1	254	-1	14	-1	544	166	12	20	542	-1	-1	20	540	248	12	312	166	392	-1	22	312	244	312	10	16	534	312	-1	-1	386	-1	312	22	312	530	312	166	-1	528	-1	16	166	312	166	-1	166	232	-1	166	12	750	376	-1	20	-1	520	-1	14	-1	-1	-1	-1	13	-1	-1	312	312	312	-1	604	604	-1	-1	-1
-1	458	26	23	458	-1	458	22	458	312	750	25	750	582	604	750	604	750	312	750	23	-1	750	166	750	166	750	604	750	312	750	312	750	458	718	750	166	750	716	750	312	604	458	604	458	21	750	420	750	23	750	418	750	312	750	416	166	750	24	750	166	-1	750	-1	750	166	750	166	750	166	750	-1	750	458	166	750	604	750	166	750	166	750	458	750	604	256	750	604	750	546	750	604	750	458	750	458	-1	750	-1	750	458	750	394	458	17	-1	458	458	750	-1	536	-1	-1	750	-1	750	458	750	-1	750	-1	750	-1	384	750	14	750	382	-1	750	458	750	-1	458	750	524	458	312	750	166	522	12	15	-1	-1	166	7	-1	518	750	11	458	516	-1	458	-1	750	750	750	18	-1	-1	-1
-1	-1	-1	2	-1	732	14	26	-1	730	-1	27	49	728	-1	-1	24	726	434	27	23	-1	286	-1	24	-1	284	-1	20	-1	428	-1	21	22	572	-1	21	-1	-1	278	-1	26	-1	130	-1	25	-1	566	-1	17	-1	564	-1	15	25	562	-1	15	-1	-1	560	16	26	-1	558	-1	14	-1	556	-1	19	-1	554	-1	13	25	-1	-1	16	25	-1	550	14	22	-1	548	-1	15	-1	-1	-1	15	-1	544	-1	22	-1	542	-1	-1	21	540	-1	13	23	-1	538	-1	-1	-1	-1	-1	11	17	388	-1	10	15	-1	678	-1	23	-1	530	-1	-1	-1	528	-1	17	-1	380	-1	12	12	86	-1	-1	13	-1	-1	14	21	-1	520	-1	15	-1	-1	-1	12	-1	370	-1	-1	-1	312	312	10	19	-1	-1	-1
-1	-1	27	0	11	13	1	25	14	584	-1	14	24	15	15	23	13	-1	16	25	25	17	724	-1	18	19	722	-1	20	-1	21	18	22	19	23	20	24	21	716	25	-1	26	-1	714	27	27	28	712	29	24	30	26	-1	31	25	32	30	33	31	34	122	32	35	33	36	34	37	35	38	24	39	25	40	26	41	20	39	-1	40	23	27	41	42	-1	43	110	42	44	39	546	-1	19	-1	43	47	44	48	45	49	46	50	47	394	51	48	52	49	53	50	54	51	31	55	49	534	50	57	52	386	-1	9	53	-1	59	54	60	54	382	55	61	56	62	-1	57	-1	58	64	59	33	60	34	61	35	62	36	49	63	50	64	51	65	61	-1	39	72	63	73	64	16	10	-1	-1	-1
-1	-1	-1	24	13	732	-1	21	-1	730	-1	26	50	728	-1	28	25	726	434	28	24	-1	578	-1	28	18	284	-1	19	25	428	-1	22	23	718	-1	-1	23	-1	-1	-1	27	-1	276	-1	-1	26	274	-1	18	-1	564	-1	16	-1	562	-1	16	25	-1	560	17	22	-1	558	-1	-1	-1	556	-1	20	-1	116	-1	14	-1	114	-1	-1	20	-1	550	15	-1	-1	548	-1	16	-1	-1	-1	-1	21	106	-1	-1	-1	542	-1	-1	20	540	-1	14	24	-1	538	-1	12	-1	536	-1	12	17	388	-1	11	314	-1	-1	-1	16	-1	-1	-1	-1	314	528	-1	18	-1	380	-1	-1	13	232	-1	-1	21	230	-1	-1	-1	-1	520	-1	16	-1	-1	-1	13	-1	370	-1	9	12	314	-1	-1	19	-1	-1	-1
-1	-1	460	28	460	586	752	22	606	752	606	752	606	582	460	752	16	752	17	752	314	752	724	752	314	752	576	752	25	752	720	752	-1	460	752	460	752	460	752	716	752	606	314	752	606	752	606	752	752	25	606	752	-1	752	26	460	752	460	752	460	414	752	460	752	460	752	15	752	168	752	23	752	554	752	27	460	752	460	752	460	752	606	752	23	460	752	460	752	460	752	460	752	-1	752	606	460	22	460	-1	13	752	460	394	752	-1	752	460	460	15	460	314	752	460	752	534	460	752	606	752	606	460	752	-1	752	168	314	752	382	752	168	-1	460	-1	13	752	378	752	460	14	376	168	14	17	460	-1	460	9	752	372	460	10	-1	224	-1	460	752	752	606	752	168	-1	-1	-1
-1	-1	-1	25	-1	732	-1	27	-1	730	-1	27	25	728	-1	29	26	580	-1	-1	25	-1	578	-1	29	-1	722	-1	21	-1	428	-1	23	24	718	-1	22	-1	-1	132	20	28	-1	276	-1	17	-1	128	-1	19	-1	710	-1	17	26	-1	-1	17	26	-1	706	-1	23	-1	-1	-1	-1	-1	556	-1	29	-1	-1	-1	-1	22	406	-1	-1	24	-1	550	-1	20	-1	-1	-1	17	-1	546	-1	22	18	106	-1	-1	21	542	-1	-1	26	540	-1	15	19	-1	538	-1	13	-1	390	-1	-1	18	388	-1	12	16	-1	-1	10	17	-1	530	-1	16	-1	236	-1	9	314	380	-1	314	14	232	-1	-1	22	522	-1	15	-1	-1	374	17	20	-1	518	-1	13	-1	370	-1	19	-1	314	-1	-1	20	-1	-1	-1
-1	-1	-1	29	9	1	-1	26	-1	584	-1	-1	15	-1	-1	16	28	-1	726	29	26	17	18	19	14	19	15	20	26	16	21	17	22	18	23	19	24	24	25	26	21	26	22	27	25	28	29	29	26	27	30	564	31	29	32	562	31	33	32	34	33	35	34	36	558	37	16	38	31	36	39	24	40	-1	15	39	41	40	18	41	-1	42	16	43	-1	548	44	38	45	400	46	17	47	690	42	14	43	49	44	50	25	45	540	46	26	47	53	48	44	28	55	29	56	-1	57	-1	58	-1	386	59	-1	60	-1	50	9	51	62	528	63	30	49	31	50	32	51	33	55	52	15	53	35	54	36	55	37	56	71	38	39	-1	73	40	57	-1	10	-1	314	76	63	77	-1	-1	-1
-1	-1	-1	26	0	11	13	14	-1	730	-1	28	26	582	-1	15	27	-1	16	26	26	-1	578	-1	24	-1	722	16	24	-1	574	21	29	27	718	22	23	25	23	716	21	24	-1	23	-1	24	-1	712	-1	26	-1	710	-1	18	24	708	-1	18	27	-1	706	-1	24	-1	266	-1	-1	-1	702	-1	30	-1	-1	-1	-1	22	552	-1	-1	25	-1	550	-1	-1	-1	-1	-1	22	-1	546	-1	23	-1	106	-1	-1	-1	104	-1	23	23	-1	248	-1	-1	-1	684	-1	16	-1	390	-1	-1	-1	388	-1	-1	-1	-1	-1	11	18	-1	384	-1	17	-1	236	-1	10	-1	380	-1	22	-1	232	-1	-1	19	522	-1	15	18	-1	374	18	-1	-1	-1	-1	14	-1	-1	-1	-1	13	76	-1	-1	-1	-1	-1	-1
-1	-1	-1	29	-1	462	-1	462	316	584	608	754	608	754	608	754	462	288	726	608	18	608	432	754	27	462	284	462	754	-1	754	316	754	29	462	754	608	754	608	754	-1	754	-1	754	-1	754	-1	608	754	20	754	564	608	754	608	754	316	754	170	754	414	19	23	462	704	462	17	462	264	462	25	-1	700	-1	16	316	462	316	462	754	-1	696	-1	25	-1	548	-1	18	-1	462	316	18	462	690	462	-1	462	688	462	316	462	316	686	16	-1	462	392	316	-1	316	-1	-1	13	-1	316	-1	13	-1	386	316	-1	316	-1	316	-1	316	-1	316	170	316	170	672	316	-1	-1	-1	-1	170	16	376	-1	316	-1	-1	316	-1	18	-1	372	-1	-1	-1	370	-1	11	754	754	316	754	608	-1	-1	-1
-1	-1	-1	30	-1	586	-1	-1	-1	146	-1	29	27	582	-1	26	28	754	580	754	27	754	724	-1	-1	-1	754	-1	27	-1	720	-1	-1	28	718	-1	462	25	462	716	462	27	462	568	-1	18	-1	712	-1	27	-1	710	-1	19	462	708	462	-1	462	-1	706	754	25	754	316	-1	754	-1	754	-1	754	-1	754	-1	-1	754	552	754	-1	26	462	754	462	754	462	608	754	754	-1	692	754	24	754	398	754	15	-1	754	-1	754	24	-1	540	-1	754	462	754	-1	462	-1	390	462	754	-1	754	-1	608	754	608	754	12	754	462	608	754	462	754	462	754	21	608	380	754	462	-1	378	-1	754	20	-1	-1	754	19	462	754	19	20	754	608	-1	16	-1	224	-1	14	-1	754	608	754	21	-1	-1	-1
-1	-1	-1	30	2	732	-1	29	-1	730	-1	-1	53	728	-1	-1	27	-1	726	31	14	-1	432	15	31	-1	284	-1	22	16	136	-1	25	26	134	-1	24	26	25	-1	26	25	25	422	-1	29	-1	566	-1	21	-1	564	-1	-1	29	562	-1	19	-1	-1	414	20	24	-1	704	-1	18	-1	118	-1	26	-1	554	-1	17	24	698	-1	-1	-1	-1	696	-1	26	-1	402	-1	19	-1	546	-1	-1	-1	690	-1	-1	25	688	-1	24	-1	-1	686	-1	17	-1	538	-1	-1	-1	244	-1	14	-1	-1	-1	14	17	386	-1	-1	-1	-1	238	-1	-1	-1	674	-1	11	-1	-1	-1	-1	-1	670	-1	-1	17	376	-1	17	-1	-1	-1	-1	19	-1	-1	-1	-1	-1	370	-1	12	-1	-1	-1	-1	-1	-1	-1	-1
-1	-1	-1	0	11	14	10	12	13	146	14	30	28	15	-1	27	16	-1	580	17	15	18	18	16	19	-1	20	-1	19	21	720	20	22	23	-1	22	24	25	23	716	-1	28	24	27	28	28	29	29	30	28	30	126	31	20	32	708	33	26	34	-1	35	31	36	32	37	34	38	35	702	39	36	29	40	30	41	24	552	37	40	38	42	404	42	40	-1	43	40	44	41	692	43	46	44	47	45	-1	43	32	44	33	50	45	540	46	35	47	684	48	17	49	682	55	53	56	54	46	57	-1	58	56	13	57	-1	60	-1	61	-1	62	-1	63	47	64	-1	14	-1	378	50	48	51	318	52	62	39	53	40	54	21	55	372	56	13	57	67	74	68	44	69	76	70	-1	-1	-1	-1
-1	-1	-1	28	-1	732	-1	30	-1	730	-1	-1	28	728	-1	15	29	16	726	17	32	-1	578	-1	32	-1	-1	-1	23	-1	428	-1	26	27	718	-1	25	27	-1	-1	27	23	-1	130	-1	19	-1	712	-1	22	-1	710	-1	-1	25	562	-1	20	29	-1	560	21	26	-1	558	-1	-1	-1	556	-1	27	-1	408	-1	18	-1	-1	-1	-1	27	-1	696	-1	27	-1	548	-1	20	-1	546	-1	25	-1	-1	-1	-1	26	688	-1	25	25	-1	686	-1	18	-1	392	-1	-1	-1	-1	-1	20	-1	388	-1	15	-1	-1	318	14	20	-1	318	14	22	-1	674	-1	12	-1	380	-1	17	-1	670	-1	-1	18	376	-1	756	-1	-1	374	318	21	-1	-1	-1	17	-1	370	-1	-1	316	-1	-1	172	22	-1	-1	-1
-1	-1	464	32	464	586	756	610	318	756	318	756	-1	756	318	756	318	756	580	756	172	756	724	-1	756	-1	756	318	756	-1	756	464	318	756	-1	464	-1	756	-1	756	172	756	610	714	756	27	756	420	756	29	756	610	318	756	30	756	318	756	318	756	464	756	172	756	704	-1	756	318	756	318	31	756	700	756	318	756	698	756	-1	756	-1	756	17	756	-1	694	756	25	464	692	756	610	318	690	-1	464	-1	464	464	756	610	318	540	464	22	-1	684	-1	756	464	756	610	756	610	464	610	-1	464	386	756	610	756	610	-1	610	756	610	382	464	610	318	464	318	610	464	378	464	756	610	230	172	-1	20	172	756	-1	464	464	226	464	14	-1	224	-1	316	-1	610	756	756	-1	-1	-1	-1
-1	-1	-1	29	-1	732	-1	31	-1	730	-1	31	29	728	14	-1	30	17	726	15	29	-1	578	-1	26	-1	-1	16	24	-1	-1	17	32	28	718	-1	26	-1	-1	132	-1	24	-1	568	-1	20	-1	712	-1	23	-1	710	-1	-1	-1	562	-1	21	30	-1	706	-1	27	-1	-1	-1	-1	-1	702	-1	28	-1	-1	-1	-1	25	406	-1	-1	28	-1	404	-1	28	-1	-1	-1	21	-1	546	-1	20	-1	-1	-1	-1	-1	688	-1	-1	26	-1	248	-1	-1	-1	-1	-1	-1	-1	-1	-1	21	-1	388	-1	16	18	-1	-1	14	21	-1	384	15	23	-1	236	-1	13	-1	380	-1	18	-1	670	-1	-1	23	-1	-1	16	-1	-1	374	-1	-1	-1	372	-1	18	-1	370	-1	20	-1	-1	-1	23	-1	-1	-1	-1
-1	-1	-1	33	9	10	10	28	14	438	-1	15	-1	582	-1	29	32	15	580	-1	29	16	17	19	29	18	722	19	30	20	720	-1	21	31	22	24	23	22	22	24	-1	25	-1	26	28	27	-1	25	28	30	29	564	30	22	31	28	32	30	29	33	30	34	22	35	704	30	36	37	34	38	32	39	700	40	19	-1	41	35	37	36	-1	696	40	39	41	402	42	41	43	42	44	-1	43	690	44	46	27	47	42	48	43	37	686	44	50	45	684	40	46	-1	47	-1	48	-1	680	55	54	56	55	-1	57	56	58	57	10	21	-1	674	-1	61	62	672	63	15	64	378	49	65	50	668	65	51	-1	52	-1	53	69	54	70	48	55	-1	56	-1	50	73	51	74	11	-1	-1	73	-1
-1	-1	-1	32	0	11	13	32	13	730	-1	32	30	728	14	-1	31	-1	288	-1	30	-1	578	-1	27	17	576	-1	25	-1	19	19	33	20	426	-1	21	28	-1	22	-1	25	23	-1	24	21	-1	712	-1	-1	-1	418	-1	-1	31	708	-1	22	31	-1	706	-1	28	-1	-1	-1	-1	-1	702	-1	-1	-1	-1	-1	-1	26	114	-1	-1	29	-1	404	-1	-1	-1	694	-1	26	-1	692	-1	27	-1	398	-1	-1	-1	-1	-1	-1	27	-1	248	-1	23	-1	-1	-1	15	-1	390	-1	-1	-1	388	-1	-1	19	-1	-1	15	22	-1	384	-1	320	-1	-1	-1	-1	-1	380	-1	24	-1	-1	-1	24	-1	230	-1	-1	-1	-1	666	10	-1	-1	372	-1	19	-1	-1	-1	16	-1	-1	-1	24	-1	-1	-1	-1
-1	320	-1	466	-1	-1	466	758	466	758	466	758	466	612	758	612	758	466	758	320	758	320	758	320	612	758	612	758	28	758	720	758	28	758	466	758	27	466	758	466	758	466	758	466	612	758	612	758	466	758	466	758	466	612	758	612	758	612	758	466	758	466	758	466	758	-1	21	758	466	758	466	758	700	758	466	758	698	-1	758	612	758	696	758	29	758	402	758	22	612	758	466	758	466	690	466	612	28	688	466	174	-1	466	686	466	19	466	538	-1	-1	466	682	320	16	-1	680	-1	17	466	386	-1	466	25	320	466	11	466	-1	674	-1	14	466	672	320	466	-1	670	-1	20	174	668	758	19	21	-1	-1	-1	21	-1	-1	-1	15	758	370	-1	21	320	320	758	758	174	-1	-1	-1
-1	-1	-1	34	-1	440	-1	27	-1	-1	-1	33	31	582	-1	30	32	-1	580	-1	30	-1	724	-1	28	-1	722	-1	34	-1	-1	17	34	32	718	-1	-1	-1	-1	424	-1	30	-1	-1	-1	22	-1	712	-1	30	-1	418	-1	23	32	708	416	-1	32	-1	706	-1	29	-1	-1	-1	24	-1	702	-1	29	-1	-1	-1	-1	27	406	-1	466	30	-1	466	-1	466	-1	694	-1	27	-1	692	-1	21	-1	398	-1	-1	-1	-1	-1	16	758	-1	758	-1	758	-1	684	-1	612	-1	390	612	-1	758	388	758	17	-1	-1	-1	758	23	612	384	758	24	758	382	-1	612	-1	380	320	17	-1	378	466	16	320	612	-1	320	-1	466	666	21	466	-1	664	612	20	-1	224	-1	17	-1	466	758	758	-1	-1	-1	-1
-1	-1	-1	0	10	12	-1	33	13	730	-1	14	31	728	15	-1	16	-1	726	17	35	14	18	-1	19	15	138	-1	26	-1	21	22	29	34	23	-1	28	24	25	570	25	26	26	714	27	28	-1	29	28	25	30	29	31	30	32	562	31	23	32	-1	33	-1	34	36	35	37	36	38	118	37	21	38	408	-1	20	26	698	-1	19	30	-1	696	-1	30	-1	402	-1	-1	-1	-1	-1	28	-1	-1	-1	29	-1	688	49	-1	-1	-1	686	-1	-1	-1	-1	-1	54	-1	-1	-1	17	-1	-1	-1	18	20	678	-1	-1	-1	-1	676	12	-1	-1	674	-1	15	-1	672	-1	20	-1	670	-1	-1	-1	668	-1	69	22	-1	70	-1	22	-1	-1	-1	-1	-1	370	-1	22	-1	320	-1	18	-1	-1	-1	-1
-1	-1	-1	35	9	11	13	30	-1	438	-1	34	14	290	582	31	15	-1	580	16	31	18	17	18	36	20	19	20	20	21	720	19	21	22	20	23	-1	27	23	716	23	24	24	568	25	23	26	712	29	27	-1	418	28	32	29	708	416	31	31	-1	706	-1	33	33	34	34	35	35	702	36	37	37	700	39	41	40	42	31	43	31	41	44	42	45	43	43	44	28	-1	45	46	46	-1	690	47	48	48	49	47	50	48	-1	41	-1	42	52	43	53	52	44	682	45	33	46	680	47	55	58	58	-1	17	24	60	384	61	22	62	62	63	63	64	380	65	65	-1	66	66	67	67	-1	68	-1	69	56	666	22	48	57	49	58	17	50	74	51	60	52	368	76	75	-1	76	-1	77
-1	-1	-1	-1	-1	732	-1	34	-1	730	-1	32	14	15	144	16	17	-1	726	-1	36	-1	-1	-1	29	-1	284	-1	27	-1	428	-1	30	35	718	134	29	-1	-1	570	-1	27	-1	130	-1	26	-1	566	-1	26	-1	710	-1	24	33	562	-1	24	33	-1	414	-1	-1	-1	412	-1	30	-1	410	-1	22	-1	408	-1	21	-1	260	-1	-1	31	-1	696	-1	31	-1	402	-1	23	-1	-1	-1	29	-1	-1	-1	25	-1	688	-1	-1	-1	-1	686	-1	20	-1	392	322	-1	-1	390	-1	322	-1	322	-1	19	-1	678	322	-1	322	-1	322	13	322	-1	674	-1	16	322	234	-1	21	-1	670	-1	26	-1	668	-1	-1	-1	-1	228	-1	23	-1	664	-1	21	-1	662	-1	23	322	-1	-1	20	176	-1	-1	-1
-1	-1	-1	36	-1	468	-1	31	614	760	614	760	614	760	728	760	32	760	614	322	760	322	760	322	760	614	760	614	33	760	720	760	322	760	614	760	614	30	760	716	760	33	614	760	614	760	468	760	176	760	322	760	322	760	322	760	614	760	614	760	706	322	760	322	760	322	760	614	322	760	322	760	700	760	322	760	698	760	20	760	614	760	614	322	760	694	760	29	760	692	760	614	322	614	322	468	614	176	614	468	614	468	394	322	468	322	760	-1	760	468	760	468	-1	760	680	760	468	760	614	760	614	760	614	-1	760	614	760	614	468	614	468	672	322	468	-1	322	468	17	322	-1	176	-1	322	614	-1	468	23	468	468	614	18	-1	224	-1	10	468	468	760	760	-1	-1	-1	-1
-1	-1	-1	33	-1	148	-1	35	-1	730	-1	35	33	-1	290	-1	37	-1	726	-1	33	-1	578	-1	30	-1	576	-1	28	-1	-1	-1	35	36	572	718	-1	30	-1	132	-1	28	-1	276	-1	35	-1	566	-1	27	-1	710	-1	25	34	562	-1	25	34	-1	414	-1	31	-1	-1	-1	-1	-1	702	-1	31	-1	408	-1	-1	-1	406	-1	-1	32	-1	404	-1	32	-1	-1	-1	24	-1	254	-1	30	-1	-1	-1	-1	-1	688	-1	26	28	-1	248	-1	21	-1	684	-1	-1	-1	390	-1	23	-1	388	-1	19	-1	678	-1	18	15	-1	-1	14	23	-1	674	-1	17	-1	380	-1	19	-1	670	-1	27	-1	230	-1	-1	-1	666	-1	23	22	-1	664	-1	22	-1	-1	-1	19	-1	-1	-1	26	-1	-1	-1	-1
-1	-1	-1	36	9	12	13	32	-1	438	-1	14	13	-1	728	14	33	-1	16	15	37	17	16	17	18	19	18	16	19	-1	20	19	21	20	-1	22	29	23	-1	24	23	25	25	714	26	25	27	712	28	34	30	29	29	30	-1	31	-1	32	-1	33	706	34	26	36	35	35	36	-1	37	-1	38	37	700	39	22	40	698	41	-1	43	-1	42	42	43	43	402	44	-1	45	400	46	46	47	398	48	31	-1	49	-1	50	31	51	686	52	42	44	43	54	44	55	45	56	46	57	680	47	20	49	386	59	16	60	676	238	61	62	62	63	-1	22	-1	65	65	23	66	66	67	67	68	668	68	48	69	70	-1	71	49	50	50	73	51	74	52	-1	13	75	75	76	76	-1	-1	-1	-1
-1	-1	-1	37	-1	732	-1	36	-1	730	-1	36	34	15	-1	-1	38	-1	580	-1	33	-1	578	-1	31	19	722	-1	20	-1	-1	21	36	22	-1	718	23	32	-1	424	-1	29	24	276	25	-1	-1	128	-1	-1	-1	418	-1	26	35	416	-1	26	35	-1	414	-1	32	-1	266	-1	-1	-1	410	-1	32	-1	-1	-1	-1	-1	260	-1	-1	33	-1	404	-1	21	-1	402	-1	30	-1	692	-1	31	-1	-1	-1	-1	-1	104	-1	27	29	-1	-1	-1	22	-1	684	-1	19	-1	390	-1	21	-1	388	-1	20	-1	-1	-1	19	26	384	-1	18	24	-1	236	-1	27	-1	88	-1	25	-1	-1	-1	28	-1	230	-1	-1	23	228	-1	24	-1	-1	664	-1	23	-1	224	324	324	-1	-1	-1	27	-1	-1	-1	-1
-1	-1	-1	324	-1	440	470	33	762	438	762	-1	762	470	762	470	616	762	726	762	616	762	724	762	470	762	430	616	762	616	762	616	762	324	762	426	616	762	616	762	616	762	616	762	470	762	470	762	470	28	762	710	762	470	616	762	616	762	616	762	616	762	27	762	704	762	25	762	324	616	762	616	762	616	762	324	762	324	616	762	616	762	616	762	470	762	470	616	-1	616	324	20	470	398	470	616	470	688	616	324	616	470	616	324	470	762	470	762	324	762	682	-1	470	-1	680	-1	21	324	678	324	17	324	676	178	15	470	-1	324	178	18	-1	380	324	-1	324	670	616	324	616	-1	324	26	-1	-1	762	-1	23	762	226	616	19	-1	662	-1	14	470	660	762	762	-1	-1	-1	-1
-1	-1	-1	38	-1	732	-1	33	-1	-1	-1	37	35	-1	582	-1	34	-1	580	-1	34	-1	578	-1	32	-1	722	-1	34	17	574	-1	-1	36	-1	718	-1	33	-1	424	-1	30	-1	568	-1	26	-1	712	-1	35	-1	418	-1	-1	36	708	-1	-1	26	-1	706	470	33	470	266	470	26	-1	702	-1	33	-1	-1	-1	-1	-1	260	-1	-1	34	-1	404	-1	-1	-1	-1	-1	31	-1	692	-1	32	-1	252	-1	-1	-1	-1	-1	-1	32	-1	-1	-1	616	-1	684	-1	20	616	390	616	762	616	388	-1	762	-1	762	-1	20	-1	384	762	616	762	616	-1	-1	616	470	616	470	26	-1	470	-1	470	-1	230	-1	24	178	470	-1	25	470	178	664	-1	24	-1	224	-1	20	-1	368	470	28	-1	-1	-1	-1
-1	-1	-1	36	7	11	13	37	-1	730	-1	14	15	15	728	16	16	-1	726	17	-1	18	18	15	19	20	16	19	30	20	21	21	33	31	22	280	23	32	24	570	26	25	-1	26	-1	27	-1	28	28	29	29	710	30	27	31	124	32	27	33	33	34	32	28	35	704	36	26	37	556	38	25	-1	39	38	40	39	41	41	42	23	43	696	44	19	-1	402	-1	25	-1	-1	-1	21	-1	47	-1	33	45	688	46	28	47	-1	48	-1	23	49	53	50	54	51	55	52	49	56	53	57	54	-1	55	-1	18	43	676	44	16	25	62	236	-1	19	-1	380	46	65	47	670	66	18	67	-1	48	27	49	-1	-1	56	24	57	-1	54	68	-1	69	74	15	70	324	71	-1	75	-1	-1	-1
-1	-1	-1	39	12	586	13	34	-1	146	-1	-1	13	-1	582	14	35	-1	15	-1	16	-1	17	-1	18	18	722	-1	36	20	720	19	21	37	22	718	21	23	22	716	24	31	24	568	-1	27	26	712	27	36	-1	28	-1	37	29	708	30	-1	31	-1	706	32	34	-1	34	34	35	35	702	36	37	37	700	38	32	-1	552	-1	40	35	41	404	42	27	43	-1	44	32	45	692	-1	46	-1	47	-1	48	-1	-1	49	-1	33	46	-1	-1	28	52	392	53	19	-1	390	-1	39	-1	680	-1	22	58	240	59	28	-1	60	-1	61	26	62	-1	63	24	64	88	-1	25	-1	65	-1	22	-1	66	68	18	69	67	-1	26	71	-1	226	58	13	59	224	-1	-1	324	660	-1	14	-1	-1	-1	-1
-1	-1	-1	36	-1	732	-1	38	35	584	730	38	14	-1	728	16	37	17	726	-1	-1	-1	-1	-1	33	-1	284	-1	31	-1	428	-1	34	-1	-1	572	-1	33	-1	-1	-1	28	-1	422	-1	38	-1	128	-1	30	-1	710	-1	28	27	124	562	-1	28	-1	414	-1	26	-1	704	-1	34	-1	118	-1	26	-1	408	-1	25	-1	406	-1	22	24	-1	696	-1	35	-1	402	-1	26	-1	254	-1	22	-1	252	-1	34	-1	-1	-1	29	-1	-1	-1	-1	24	-1	246	-1	326	-1	180	326	25	326	-1	326	23	326	386	326	19	-1	676	-1	20	29	326	236	326	20	-1	380	-1	326	-1	670	-1	30	-1	230	-1	28	-1	228	-1	-1	25	-1	664	-1	25	-1	662	-1	24	326	222	-1	29	-1	-1	-1	-1
326	-1	326	40	326	472	-1	35	33	472	764	472	764	618	764	618	764	764	472	618	764	618	764	472	764	472	764	472	764	618	720	764	180	764	-1	618	764	618	764	716	764	618	764	714	764	472	764	712	764	472	764	472	472	764	472	764	708	764	326	764	326	618	764	618	764	-1	764	-1	764	326	764	472	700	764	618	764	698	764	472	764	472	764	472	618	764	472	764	472	764	400	764	34	764	472	618	764	180	764	-1	764	30	764	394	764	25	618	764	472	764	472	764	-1	764	-1	680	472	24	764	678	764	31	764	238	472	764	618	764	382	618	25	618	472	618	27	472	618	472	19	-1	618	-1	19	180	-1	180	472	472	226	-1	-1	20	180	224	-1	16	-1	660	764	764	-1	-1	-1	-1
-1	-1	-1	37	0	732	-1	39	36	292	730	-1	37	-1	728	16	41	-1	726	-1	33	-1	578	-1	34	16	284	-1	32	-1	428	18	-1	32	-1	718	-1	34	-1	132	-1	37	-1	276	-1	28	-1	128	-1	-1	-1	710	-1	29	38	-1	-1	-1	29	-1	706	-1	27	-1	266	-1	27	-1	702	-1	25	-1	408	-1	-1	-1	406	-1	-1	25	-1	404	-1	24	-1	402	-1	27	-1	254	-1	34	-1	252	-1	35	-1	-1	-1	30	-1	248	-1	-1	25	-1	-1	-1	-1	-1	390	-1	26	-1	388	-1	23	-1	94	-1	21	-1	-1	-1	21	27	-1	236	-1	30	-1	380	-1	23	-1	-1	-1	31	-1	230	-1	-1	-1	228	-1	-1	26	-1	518	26	22	-1	370	-1	25	-1	222	326	-1	-1	-1	-1	-1
-1	-1	-1	41	10	14	13	36	-1	14	584	14	63	15	15	-1	16	16	17	-1	17	18	724	18	19	19	20	20	38	21	720	22	35	23	23	24	24	23	25	716	26	25	25	714	25	26	26	27	27	28	28	29	29	30	30	30	31	31	32	32	33	33	34	34	35	35	36	36	36	37	27	38	700	39	26	40	698	41	41	42	42	43	-1	44	43	44	44	23	45	400	46	23	-1	47	-1	17	-1	396	-1	50	35	45	45	46	46	47	47	48	48	49	53	49	-1	50	680	51	24	56	678	57	54	58	384	59	-1	60	-1	61	58	21	59	234	60	16	61	62	-1	20	63	62	64	29	48	65	49	55	52	226	-1	51	53	56	54	-1	17	55	-1	68	15	67	-1	68	-1
-1	-1	-1	38	-1	732	-1	40	37	-1	730	14	39	-1	728	-1	42	-1	580	-1	37	17	578	18	35	-1	722	-1	36	20	-1	21	-1	39	-1	718	-1	36	-1	132	-1	32	-1	276	-1	29	-1	712	-1	31	-1	710	-1	30	39	-1	708	-1	39	-1	706	-1	36	-1	266	-1	28	-1	702	-1	26	-1	408	-1	34	-1	406	-1	-1	37	-1	404	-1	-1	-1	694	-1	34	-1	692	-1	35	-1	252	-1	-1	-1	-1	-1	31	-1	-1	-1	-1	30	-1	392	-1	23	-1	390	-1	19	-1	388	-1	24	-1	94	-1	30	-1	-1	-1	-1	28	-1	236	-1	26	-1	380	-1	28	-1	328	-1	32	328	230	-1	-1	-1	520	-1	-1	-1	518	-1	27	-1	-1	78	-1	26	-1	222	-1	30	-1	-1	-1	-1
-1	328	-1	34	328	474	328	37	328	766	584	766	328	766	328	620	766	620	766	474	766	328	766	328	766	328	182	766	33	766	720	766	36	766	328	766	328	35	766	716	766	620	766	714	766	-1	766	420	474	328	-1	620	-1	474	620	474	620	474	30	-1	620	182	766	182	766	328	29	766	620	766	28	766	700	766	27	766	698	766	23	620	766	696	766	620	766	620	766	-1	766	328	620	766	620	766	474	766	474	766	474	766	474	620	766	620	766	-1	766	328	766	474	244	766	27	766	680	766	25	766	678	766	21	766	676	-1	766	474	766	674	766	22	474	328	-1	17	-1	620	-1	21	766	-1	182	30	182	-1	-1	766	-1	226	766	-1	21	-1	-1	182	18	766	514	766	766	-1	-1	-1	-1
-1	-1	-1	39	-1	732	-1	41	38	-1	-1	-1	40	-1	582	-1	38	-1	580	-1	38	-1	724	-1	36	-1	722	-1	17	-1	282	-1	18	40	-1	718	-1	37	-1	424	-1	33	-1	276	-1	30	474	712	-1	39	-1	710	-1	-1	40	-1	708	-1	40	-1	706	-1	37	-1	-1	-1	29	-1	702	-1	37	-1	408	-1	35	-1	406	-1	-1	38	-1	404	-1	29	-1	694	-1	19	-1	692	-1	22	-1	252	-1	22	-1	-1	-1	32	36	-1	-1	-1	31	-1	538	-1	19	-1	390	-1	28	-1	242	-1	25	-1	-1	-1	22	-1	384	-1	-1	29	620	382	620	27	620	766	620	29	-1	-1	-1	25	-1	230	-1	-1	-1	228	-1	28	-1	518	474	28	474	-1	516	-1	27	-1	76	766	328	-1	-1	-1	-1
-1	-1	-1	35	9	12	13	-1	-1	14	730	-1	36	14	728	16	15	-1	726	16	40	17	432	18	18	19	19	-1	20	20	21	21	22	22	23	23	-1	24	-1	-1	-1	25	-1	714	26	27	27	274	28	28	29	29	28	30	24	31	562	32	31	33	31	34	35	-1	36	-1	30	-1	37	-1	38	-1	700	39	28	40	698	41	24	42	42	43	43	44	44	402	45	31	45	254	45	25	46	47	47	24	48	396	49	46	-1	47	248	48	27	49	52	53	50	35	51	36	52	46	53	47	57	54	678	55	22	56	676	60	18	61	61	674	62	23	63	234	64	25	-1	65	65	22	66	67	67	31	49	68	50	69	51	80	-1	52	57	-1	58	-1	69	-1	514	328	16	-1	-1	-1	-1
-1	-1	-1	42	13	1	0	13	14	-1	146	-1	14	-1	582	-1	15	-1	580	16	39	17	724	17	40	-1	722	-1	19	-1	19	720	20	41	21	718	22	32	22	716	23	40	24	-1	25	38	26	712	27	40	-1	28	-1	29	41	30	708	31	29	32	706	-1	-1	-1	-1	-1	29	-1	702	-1	32	-1	-1	-1	38	-1	39	-1	-1	40	-1	41	-1	42	-1	694	-1	20	-1	400	-1	23	-1	398	-1	19	-1	-1	-1	33	37	-1	394	-1	26	-1	-1	-1	20	-1	390	-1	20	-1	242	-1	27	-1	240	-1	23	-1	384	-1	-1	30	236	382	-1	-1	-1	88	-1	18	-1	232	-1	-1	-1	230	-1	22	68	-1	-1	29	-1	518	-1	-1	-1	-1	516	-1	-1	-1	76	-1	20	-1	-1	-1	-1
-1	-1	476	36	476	732	476	-1	476	-1	730	-1	37	-1	728	476	43	476	726	-1	476	-1	476	-1	37	-1	476	-1	35	-1	428	-1	-1	38	-1	572	-1	476	-1	476	-1	34	476	276	-1	31	-1	274	-1	-1	-1	710	-1	35	-1	476	-1	-1	32	-1	414	-1	33	-1	704	-1	31	-1	118	-1	30	-1	408	-1	29	-1	698	-1	-1	28	-1	-1	-1	20	-1	402	330	-1	330	254	-1	26	-1	-1	-1	25	-1	396	-1	33	-1	184	330	-1	28	-1	330	-1	330	-1	244	-1	30	-1	-1	330	26	184	678	-1	23	-1	676	-1	330	-1	330	674	330	24	-1	380	-1	22	-1	184	-1	34	-1	-1	-1	32	-1	228	-1	29	-1	-1	-1	29	25	-1	370	-1	330	330	-1	-1	32	-1	-1	-1	-1
-1	-1	-1	43	330	586	-1	42	36	622	438	768	41	622	768	184	40	768	622	768	40	768	724	768	622	768	722	768	476	768	476	768	476	768	330	622	768	622	768	716	622	768	622	768	622	476	622	712	-1	622	476	768	476	622	768	622	768	622	330	476	706	768	622	768	330	768	622	768	702	768	33	768	700	768	476	622	768	622	768	622	768	696	768	30	768	694	622	768	476	768	-1	768	-1	768	476	768	476	622	768	17	768	768	394	476	768	476	768	-1	768	-1	476	768	622	768	680	768	26	768	476	768	33	476	768	-1	768	-1	768	-1	-1	768	622	768	-1	768	476	622	768	9	-1	330	768	23	184	768	476	24	768	184	-1	768	14	184	516	622	19	-1	514	768	622	-1	-1	-1	-1
-1	-1	-1	41	0	294	732	13	40	-1	730	-1	40	-1	728	-1	44	-1	726	-1	41	-1	578	-1	38	-1	576	-1	36	16	-1	428	-1	-1	-1	718	-1	37	-1	132	-1	35	-1	276	-1	32	-1	274	-1	34	-1	710	-1	36	42	-1	562	-1	33	-1	560	-1	39	-1	704	-1	32	-1	-1	-1	31	-1	408	-1	30	-1	-1	-1	-1	29	-1	404	-1	21	-1	-1	-1	28	-1	254	-1	24	-1	-1	-1	-1	-1	104	-1	34	-1	248	-1	-1	29	-1	246	-1	-1	-1	390	-1	21	-1	242	-1	27	-1	-1	-1	20	-1	-1	-1	32	31	236	674	-1	25	330	380	-1	31	-1	86	-1	35	-1	230	-1	-1	-1	228	-1	622	-1	-1	622	30	26	622	78	-1	28	-1	330	-1	33	-1	-1	-1	-1
-1	-1	-1	43	11	12	11	1	39	14	13	14	15	14	15	16	15	16	580	16	18	17	17	18	18	19	722	20	42	20	21	720	22	39	23	22	24	23	-1	25	24	26	-1	714	24	28	25	712	27	42	27	28	31	29	29	30	28	31	30	32	414	32	34	33	34	29	31	30	35	-1	31	-1	32	38	33	-1	34	-1	37	35	41	36	42	37	43	38	44	39	45	40	45	27	46	47	47	21	48	49	41	39	50	42	51	43	30	44	53	45	54	46	-1	47	55	48	680	49	45	58	50	-1	51	-1	676	52	49	53	62	50	54	51	61	234	62	20	63	232	64	24	65	376	66	20	51	67	52	68	-1	52	-1	55	65	56	66	57	-1	67	514	-1	74	68	-1	-1	-1
-1	-1	-1	44	-1	2	732	43	-1	-1	730	-1	42	-1	728	15	45	16	288	17	42	18	578	-1	39	-1	576	19	40	-1	428	-1	-1	-1	-1	718	-1	40	-1	132	-1	36	-1	276	-1	33	-1	128	-1	35	-1	710	-1	-1	43	-1	-1	-1	43	-1	706	-1	28	-1	266	-1	40	-1	702	-1	34	-1	-1	-1	38	-1	406	-1	-1	30	-1	404	-1	29	-1	694	-1	-1	-1	692	-1	25	-1	252	-1	-1	-1	104	-1	35	-1	-1	540	-1	28	-1	246	-1	22	-1	244	-1	31	-1	388	-1	28	-1	-1	-1	34	-1	-1	-1	32	-1	90	-1	-1	35	-1	380	-1	32	-1	-1	-1	36	-1	230	-1	-1	-1	228	-1	31	-1	372	-1	31	-1	-1	516	-1	29	-1	368	-1	34	-1	-1	-1	-1
-1	-1	-1	332	-1	440	478	624	478	770	584	770	332	478	770	770	624	478	770	478	770	186	770	332	478	770	478	770	478	770	478	770	186	770	186	624	770	332	770	716	770	478	770	714	770	624	332	770	332	770	478	770	478	624	38	770	624	478	624	478	624	478	770	478	770	478	33	770	478	624	770	624	770	624	770	624	770	770	332	624	770	696	770	22	770	478	770	23	770	624	-1	770	-1	770	-1	770	478	770	624	27	770	394	770	478	30	770	478	770	624	770	682	770	32	478	770	186	478	-1	770	-1	770	-1	676	478	770	478	-1	528	770	26	-1	624	-1	770	332	770	186	25	770	376	770	21	624	186	-1	624	770	226	624	27	-1	624	186	-1	770	478	478	770	770	-1	-1	-1	-1
-1	-1	-1	43	-1	-1	732	-1	44	-1	292	-1	43	-1	582	-1	42	-1	580	-1	39	-1	724	-1	40	-1	722	-1	-1	44	-1	428	-1	44	-1	718	-1	41	-1	132	-1	32	-1	276	-1	34	-1	712	-1	31	-1	710	-1	-1	44	-1	708	-1	44	-1	706	-1	29	-1	-1	-1	33	-1	702	-1	35	-1	408	-1	39	-1	406	-1	25	42	-1	404	-1	-1	-1	694	-1	28	-1	692	-1	26	-1	398	-1	22	-1	-1	-1	18	-1	-1	540	-1	33	-1	100	-1	23	-1	536	-1	32	-1	388	-1	-1	-1	-1	-1	35	770	-1	-1	33	-1	-1	236	-1	36	-1	380	-1	33	-1	378	-1	10	-1	230	-1	25	-1	228	478	32	-1	478	478	32	-1	78	516	-1	30	-1	332	-1	35	-1	-1	-1	-1
-1	-1	-1	-1	9	10	13	-1	42	-1	730	15	14	-1	728	-1	15	17	726	16	42	-1	432	15	18	19	19	16	20	44	17	21	19	22	20	23	21	24	20	278	25	20	-1	714	21	28	22	29	-1	-1	28	-1	25	32	34	31	30	-1	32	-1	32	-1	33	33	23	34	24	32	25	35	26	37	27	38	28	-1	698	29	39	30	40	31	39	21	32	43	33	44	34	45	35	29	36	46	37	28	38	396	48	49	50	39	50	40	31	41	52	-1	42	-1	43	-1	44	55	45	44	46	45	386	47	25	48	530	49	60	50	49	528	51	27	52	52	58	53	59	232	334	26	334	376	53	22	54	82	62	32	63	55	54	56	55	65	57	66	20	66	-1	67	67	68	68	-1	-1
-1	-1	-1	45	9	11	13	14	13	-1	146	-1	44	14	15	15	43	-1	16	-1	45	17	724	18	43	-1	722	19	-1	45	20	720	21	45	22	718	-1	23	-1	716	23	44	25	276	25	35	26	712	-1	32	27	418	28	-1	45	-1	708	-1	45	-1	706	-1	42	-1	-1	-1	34	-1	702	-1	36	-1	408	-1	40	-1	406	-1	26	43	-1	404	-1	32	-1	694	-1	24	-1	692	-1	27	-1	398	-1	23	-1	-1	-1	41	-1	-1	-1	-1	30	-1	100	-1	24	-1	536	-1	-1	-1	388	-1	28	-1	532	-1	36	-1	384	-1	34	-1	382	-1	-1	37	-1	672	-1	22	-1	378	-1	11	-1	230	-1	26	-1	228	334	33	-1	664	-1	33	-1	224	516	-1	-1	332	514	-1	21	-1	-1	-1	-1
-1	-1	-1	-1	38	480	732	480	43	626	772	480	626	772	728	772	626	16	772	480	772	334	772	334	772	334	772	626	772	626	772	626	772	626	334	772	626	772	626	772	626	772	626	480	626	480	480	626	480	626	772	710	772	626	772	626	772	-1	480	772	626	334	35	334	704	772	35	334	772	334	772	-1	772	480	772	480	334	772	334	626	334	696	-1	22	-1	334	-1	334	-1	334	-1	334	-1	-1	334	42	334	396	334	37	480	248	480	33	32	188	538	334	-1	334	244	334	33	-1	334	-1	30	334	678	-1	334	188	530	-1	-1	334	90	674	-1	28	188	526	-1	-1	334	232	-1	27	-1	376	-1	23	-1	82	-1	33	-1	-1	-1	-1	-1	370	-1	31	-1	-1	-1	772	626	188	-1	-1	-1
-1	-1	-1	46	-1	-1	586	-1	39	-1	438	-1	45	-1	436	-1	44	-1	-1	-1	41	-1	724	-1	44	-1	722	-1	480	45	-1	720	-1	480	-1	426	-1	43	-1	716	-1	45	-1	772	-1	32	-1	712	772	33	-1	-1	334	-1	40	-1	416	-1	33	-1	706	772	43	772	626	-1	41	-1	702	-1	37	626	700	626	32	626	406	698	27	26	772	480	772	480	772	694	772	25	772	692	772	30	772	690	772	24	772	626	772	19	772	102	626	772	626	772	684	772	25	772	626	-1	772	626	772	626	772	626	772	626	772	626	384	772	21	772	626	772	626	772	334	672	772	23	772	626	772	12	772	-1	626	772	626	772	188	11	772	80	626	17	772	224	-1	-1	480	480	772	772	334	-1	-1	-1	-1
-1	-1	-1	-1	0	-1	732	-1	33	-1	438	-1	42	-1	728	-1	48	-1	726	-1	-1	-1	14	-1	42	15	284	-1	36	43	-1	428	-1	38	-1	718	-1	-1	25	132	26	38	-1	27	-1	36	-1	28	-1	30	-1	418	710	-1	33	-1	708	-1	34	-1	268	-1	31	-1	266	-1	32	-1	118	-1	33	-1	262	-1	34	-1	260	-1	-1	33	-1	696	-1	43	-1	110	-1	29	-1	254	-1	42	-1	-1	-1	-1	-1	396	-1	38	-1	248	-1	-1	33	-1	538	-1	30	-1	536	-1	34	-1	388	-1	31	-1	678	-1	37	-1	530	-1	35	-1	236	674	-1	29	-1	526	-1	27	-1	232	-1	23	-1	230	-1	-1	-1	228	-1	34	-1	-1	-1	34	-1	78	-1	32	-1	-1	-1	334	37	-1	-1	-1	-1
-1	-1	-1	-1	12	8	12	0	1	-1	146	13	13	-1	14	-1	48	15	580	16	16	-1	17	18	18	19	19	19	-1	20	18	21	22	47	22	426	23	31	24	716	25	25	25	26	26	27	27	712	26	29	27	30	29	40	31	29	32	31	33	32	34	32	36	35	704	36	36	37	35	38	35	39	700	40	38	39	41	698	42	27	43	41	42	44	45	43	44	46	45	47	46	48	47	49	47	25	48	49	49	20	50	50	51	50	50	51	51	52	29	52	55	53	22	54	680	55	56	56	57	57	58	60	58	61	59	60	60	61	61	62	62	672	63	63	63	64	64	66	66	65	67	24	68	57	-1	69	65	70	66	70	67	71	69	73	70	-1	71	334	22	-1	-1	-1	-1
-1	-1	-1	-1	46	-1	732	-1	45	-1	13	-1	39	15	728	16	45	-1	434	-1	47	-1	286	-1	43	-1	284	-1	37	44	-1	-1	-1	39	-1	718	-1	44	-1	424	-1	39	-1	276	-1	37	-1	128	-1	34	-1	418	-1	-1	47	-1	708	-1	35	-1	706	-1	32	-1	266	-1	35	-1	702	-1	38	-1	408	-1	-1	-1	260	-1	34	45	-1	550	-1	33	-1	694	-1	30	-1	692	-1	43	-1	252	-1	-1	-1	688	-1	39	-1	248	-1	-1	34	-1	538	-1	26	-1	536	-1	36	-1	388	-1	30	-1	678	336	38	-1	530	-1	36	-1	236	-1	-1	33	-1	526	336	28	-1	336	-1	13	336	230	-1	18	-1	228	336	35	-1	-1	-1	35	-1	224	-1	33	-1	76	-1	-1	38	190	-1	-1	-1
482	-1	-1	482	336	482	440	774	41	774	628	336	774	336	774	336	774	336	774	336	774	628	482	774	336	628	774	190	774	47	774	720	774	336	774	426	774	32	774	278	774	47	774	628	774	628	336	774	336	774	336	774	628	774	34	774	628	-1	774	774	628	336	774	-1	774	628	37	774	410	628	774	628	774	190	774	336	774	774	628	28	774	336	774	24	774	336	774	628	774	628	482	774	336	774	336	774	628	774	628	774	628	394	774	35	774	190	774	336	774	628	774	628	23	774	680	774	628	774	628	774	628	774	676	336	774	336	774	674	774	628	-1	672	336	774	482	774	-1	28	774	774	628	38	628	774	-1	628	774	372	628	190	-1	370	190	482	482	-1	628	774	774	-1	-1	-1	-1
-1	-1	-1	-1	48	1	732	-1	35	-1	-1	-1	40	-1	436	-1	46	-1	-1	-1	48	-1	724	-1	44	-1	430	722	-1	38	17	428	-1	40	-1	718	-1	45	-1	716	-1	36	-1	276	-1	38	-1	712	-1	35	-1	418	-1	-1	48	-1	708	-1	36	-1	706	-1	33	-1	-1	-1	36	-1	702	-1	39	-1	-1	-1	-1	-1	114	-1	29	46	-1	550	-1	-1	-1	694	-1	27	-1	546	-1	30	-1	252	-1	33	-1	-1	-1	21	-1	248	-1	35	36	-1	684	-1	27	-1	536	-1	-1	-1	388	-1	31	-1	678	-1	24	-1	530	-1	37	-1	236	-1	-1	40	380	526	-1	29	-1	378	-1	14	-1	230	-1	27	-1	374	-1	12	-1	372	482	36	-1	482	-1	34	-1	368	-1	-1	23	-1	-1	-1	-1
-1	-1	-1	-1	3	9	10	1	40	-1	438	15	46	14	728	-1	15	17	434	16	16	17	17	-1	18	-1	19	19	20	20	21	21	-1	22	-1	23	21	24	22	25	25	40	26	422	27	35	28	27	29	33	30	30	31	31	35	32	30	33	36	34	414	35	38	36	704	34	37	35	38	35	39	36	40	40	36	41	39	42	40	43	41	44	42	45	45	548	46	31	47	400	48	33	49	690	50	32	51	688	49	52	50	50	51	53	52	246	53	-1	27	54	50	55	51	56	52	57	57	53	386	54	59	55	60	56	61	57	62	58	-1	34	59	672	60	338	61	670	62	29	63	376	68	64	69	65	70	66	71	67	72	68	69	69	70	74	71	75	62	76	17	77	-1	-1	-1
-1	-1	-1	-1	49	13	12	13	13	-1	146	-1	43	14	14	-1	47	-1	580	-1	49	-1	724	-1	45	18	430	722	19	48	-1	720	19	21	20	718	22	21	23	716	-1	37	-1	25	-1	39	-1	420	-1	36	-1	418	-1	-1	49	-1	708	-1	47	-1	706	-1	34	-1	-1	-1	37	-1	702	-1	40	-1	-1	-1	-1	-1	260	-1	30	-1	258	550	-1	36	-1	694	-1	28	-1	546	-1	31	-1	398	-1	27	-1	-1	-1	22	-1	-1	540	37	34	392	100	-1	28	-1	682	-1	-1	-1	534	-1	32	-1	532	-1	29	-1	530	-1	38	-1	382	-1	-1	41	380	-1	-1	30	-1	378	-1	-1	-1	522	-1	28	338	374	-1	13	-1	372	-1	15	-1	224	-1	-1	-1	-1	336	-1	24	-1	-1	-1	-1
-1	-1	338	-1	338	484	776	484	776	338	776	630	41	776	484	776	338	776	338	776	630	776	630	776	630	-1	776	138	776	39	484	776	630	776	-1	776	-1	776	338	776	338	776	338	776	338	630	776	630	776	34	776	630	776	630	776	630	562	776	37	776	484	776	39	776	412	776	39	776	484	630	776	630	776	630	776	338	776	338	-1	776	-1	776	-1	776	630	776	338	776	484	776	484	34	776	690	776	630	776	688	776	41	484	338	-1	36	-1	484	538	192	338	192	484	192	25	-1	338	-1	34	338	386	338	192	338	238	338	36	192	674	528	35	-1	234	526	338	-1	192	670	-1	42	-1	376	-1	-1	-1	776	-1	776	-1	776	-1	29	776	370	-1	35	-1	192	-1	776	630	-1	-1	-1	-1
-1	-1	-1	484	50	-1	-1	-1	41	-1	146	-1	-1	-1	436	-1	48	-1	-1	-1	50	-1	724	-1	46	-1	430	722	-1	49	-1	720	-1	50	-1	-1	484	40	484	716	-1	484	-1	-1	-1	36	-1	712	-1	37	-1	126	-1	-1	44	-1	416	-1	48	-1	706	-1	47	-1	-1	-1	39	-1	410	-1	41	484	262	-1	36	-1	484	698	31	30	404	112	-1	37	-1	694	-1	29	-1	400	-1	32	-1	398	-1	28	-1	-1	-1	23	-1	776	540	776	35	776	100	776	29	776	682	776	25	630	776	630	776	630	776	-1	776	630	384	776	23	776	382	776	630	776	630	776	630	38	776	524	776	630	776	522	-1	40	-1	-1	630	37	-1	372	-1	24	-1	516	630	630	-1	630	484	776	-1	-1	-1	-1	-1
-1	-1	-1	-1	49	12	732	-1	48	-1	292	-1	44	-1	144	-1	49	-1	288	14	48	-1	15	-1	50	16	284	-1	17	40	-1	21	-1	22	-1	23	-1	24	-1	19	25	20	26	422	21	40	22	566	23	35	24	418	-1	-1	37	25	562	32	38	-1	560	-1	33	-1	34	-1	35	-1	36	-1	37	37	408	-1	38	38	-1	-1	-1	37	-1	550	42	36	-1	-1	-1	33	-1	546	-1	46	46	544	-1	47	-1	688	-1	42	-1	248	-1	37	-1	-1	538	-1	-1	-1	244	-1	26	-1	388	-1	35	-1	386	-1	23	-1	530	-1	22	-1	674	-1	36	-1	380	526	-1	31	-1	670	-1	43	-1	376	-1	-1	-1	374	-1	38	-1	-1	-1	16	630	58	-1	36	-1	-1	-1	-1	40	-1	-1	-1	-1
-1	-1	-1	-1	0	9	12	13	42	13	438	-1	14	-1	436	15	49	-1	580	16	41	-1	17	18	18	49	19	722	20	20	-1	282	21	51	22	426	20	35	22	716	24	40	25	714	26	37	-1	27	-1	38	28	126	29	-1	44	-1	30	31	38	32	32	26	40	27	34	28	40	35	29	36	30	37	554	31	37	32	39	33	31	34	41	35	42	36	43	37	44	30	38	692	39	35	40	690	41	29	48	49	49	50	50	394	540	42	51	52	53	53	30	54	43	53	44	56	45	55	46	56	532	47	31	48	676	49	61	50	60	51	61	52	62	672	53	35	54	524	55	31	56	66	57	67	58	68	59	69	340	60	70	61	71	62	72	59	75	60	-1	26	18	-1	-1	-1	-1
-1	-1	-1	-1	50	-1	294	-1	45	-1	292	-1	45	14	290	15	53	16	17	-1	49	-1	286	-1	47	51	-1	284	-1	41	-1	-1	-1	43	-1	280	-1	48	-1	424	-1	43	-1	-1	-1	41	-1	128	566	46	-1	418	564	-1	38	-1	562	-1	39	-1	706	-1	36	-1	266	-1	37	-1	556	-1	38	-1	116	-1	-1	-1	114	-1	-1	38	404	550	-1	37	-1	694	-1	38	-1	546	-1	47	-1	252	-1	37	-1	396	-1	24	-1	-1	-1	-1	-1	100	-1	-1	-1	-1	390	-1	39	-1	388	340	28	340	340	-1	42	340	530	340	23	194	236	-1	37	-1	234	526	-1	32	-1	-1	-1	44	-1	522	-1	25	-1	666	-1	14	-1	372	-1	17	-1	370	-1	13	-1	76	-1	-1	41	-1	-1	-1	-1
-1	-1	-1	486	50	486	586	486	43	340	778	340	778	194	632	778	50	778	486	778	632	778	632	778	50	778	340	632	778	632	778	486	778	52	778	426	778	36	632	778	486	778	486	778	-1	778	194	632	778	36	778	126	778	340	778	340	778	340	778	194	486	778	41	778	558	778	41	778	340	778	40	778	700	632	778	340	778	552	778	340	632	778	632	778	-1	778	486	778	486	778	340	778	340	778	340	30	778	688	778	48	778	486	778	38	632	778	632	778	632	778	682	778	27	778	680	778	37	778	532	778	632	-1	778	486	778	-1	674	528	31	778	380	778	340	632	778	670	778	32	778	668	778	42	-1	82	632	39	778	518	632	26	-1	-1	486	21	778	778	778	778	19	-1	-1	-1	-1
-1	-1	-1	-1	52	-1	294	-1	46	-1	-1	-1	46	-1	582	-1	54	-1	580	-1	42	14	286	-1	-1	48	-1	722	16	49	-1	428	-1	44	-1	-1	-1	49	-1	424	-1	40	-1	276	-1	42	-1	128	712	47	-1	418	710	-1	39	-1	416	-1	50	-1	706	-1	37	-1	266	-1	41	-1	556	-1	43	-1	408	-1	-1	-1	406	-1	-1	49	404	-1	-1	-1	-1	694	-1	39	-1	692	-1	34	-1	252	-1	38	-1	104	-1	25	-1	-1	-1	37	-1	100	538	-1	31	-1	390	-1	40	-1	388	-1	29	-1	-1	-1	43	-1	530	-1	24	-1	236	340	44	-1	340	526	36	27	-1	-1	-1	45	-1	522	-1	29	-1	520	-1	40	-1	372	486	40	486	224	-1	38	-1	368	-1	-1	-1	-1	-1	-1	-1
-1	-1	-1	-1	2	12	440	0	1	-1	438	13	77	-1	14	14	54	15	142	-1	16	-1	17	16	18	17	-1	19	17	20	19	21	20	53	22	426	23	37	23	24	25	44	-1	26	26	27	-1	28	566	29	27	28	30	28	31	29	32	31	33	32	34	-1	42	35	558	36	42	37	264	38	41	39	554	40	40	39	41	552	42	45	43	696	44	29	45	42	46	35	-1	47	-1	48	46	49	47	31	47	688	48	44	49	394	51	39	52	392	50	53	51	54	244	52	28	53	534	54	38	53	386	49	55	51	56	52	57	-1	58	62	59	63	60	672	61	60	-1	62	-1	63	67	64	68	65	64	59	66	60	67	518	68	23	69	68	70	57	71	75	59	14	-1	60	-1	-1	-1
-1	-1	-1	-1	53	0	14	-1	44	-1	-1	-1	47	-1	582	15	51	16	580	17	43	-1	286	578	18	49	19	722	-1	20	-1	21	19	53	22	20	23	21	-1	716	-1	41	-1	568	-1	43	-1	420	712	52	-1	418	-1	-1	53	-1	416	-1	51	-1	706	-1	38	-1	704	-1	41	-1	556	-1	44	-1	408	-1	-1	-1	260	-1	34	50	404	112	-1	39	-1	694	-1	32	-1	692	-1	35	-1	690	-1	-1	-1	-1	-1	26	-1	-1	540	41	-1	246	684	-1	32	390	682	-1	-1	-1	388	-1	36	-1	-1	-1	44	-1	384	-1	25	-1	236	-1	45	-1	-1	526	37	40	232	524	-1	-1	-1	522	-1	-1	-1	520	-1	41	-1	226	-1	41	-1	224	-1	39	-1	368	-1	28	-1	-1	-1	-1	-1
-1	-1	342	-1	342	-1	780	488	780	488	634	780	634	780	634	780	634	780	488	634	780	634	780	196	780	634	780	634	780	634	780	428	634	780	-1	780	634	780	634	780	488	780	488	714	780	634	780	634	780	38	780	634	780	488	780	488	634	780	41	780	414	780	43	780	558	780	39	342	780	-1	780	634	780	634	780	488	342	780	34	780	634	780	634	780	634	780	488	780	-1	780	488	38	780	634	780	634	780	688	780	45	780	248	686	780	634	780	196	780	-1	780	244	780	29	488	96	488	342	196	386	-1	342	-1	342	-1	342	-1	528	196	33	342	234	342	34	-1	196	670	780	46	634	668	-1	342	634	228	780	634	-1	518	-1	634	-1	370	-1	27	780	780	634	780	196	-1	-1	-1	-1
-1	-1	-1	-1	54	-1	-1	-1	45	-1	438	-1	-1	-1	582	-1	52	-1	-1	-1	44	-1	140	-1	-1	52	488	722	488	54	-1	574	-1	54	-1	-1	-1	51	-1	716	-1	42	-1	568	-1	40	-1	420	712	53	-1	418	-1	-1	54	-1	708	-1	42	-1	706	-1	39	-1	704	-1	43	-1	-1	-1	45	-1	408	-1	40	-1	406	552	35	51	258	112	-1	40	-1	-1	-1	33	-1	692	-1	36	-1	690	-1	32	-1	-1	-1	27	-1	394	540	42	-1	246	684	-1	634	-1	98	634	634	780	534	634	780	634	780	634	780	-1	634	780	634	780	634	780	488	634	380	672	38	634	780	524	-1	34	-1	522	-1	488	-1	520	-1	42	-1	226	-1	24	-1	224	-1	23	488	634	634	780	-1	-1	-1	-1	-1
-1	-1	-1	-1	47	2	0	-1	48	-1	730	-1	48	13	290	-1	14	-1	288	580	52	15	14	16	-1	50	17	19	18	20	-1	19	21	46	22	21	23	38	-1	24	-1	25	-1	26	25	27	26	274	566	39	-1	-1	710	-1	28	-1	29	29	42	30	414	31	47	32	412	30	33	31	702	32	35	33	36	34	37	-1	35	38	36	39	37	40	-1	38	-1	39	-1	40	43	41	44	42	45	43	46	44	47	688	45	46	46	248	47	50	48	392	538	-1	-1	390	244	55	42	56	51	49	39	50	52	-1	53	43	54	-1	41	55	528	56	34	63	234	526	35	65	86	51	60	52	61	53	62	54	63	666	55	-1	56	80	57	66	58	67	59	52	-1	75	53	76	54	-1	-1	-1	-1
-1	-1	-1	-1	55	9	11	12	46	-1	14	14	13	15	436	14	53	-1	15	-1	45	16	17	724	-1	18	-1	576	17	54	18	720	19	55	20	20	19	21	-1	716	22	43	23	568	714	41	-1	25	712	42	26	272	27	-1	29	28	708	-1	29	31	706	32	31	33	704	34	44	35	264	36	49	-1	700	554	41	36	406	698	35	36	38	696	39	45	-1	35	-1	34	-1	37	-1	39	44	690	-1	33	-1	-1	-1	28	50	394	686	42	52	246	53	-1	37	-1	682	-1	30	-1	534	-1	39	-1	240	-1	35	-1	384	-1	27	-1	382	-1	47	57	-1	672	39	-1	59	524	-1	35	376	668	-1	45	-1	47	-1	48	-1	518	72	50	73	51	-1	24	-1	368	-1	30	-1	-1	-1	-1	-1
-1	-1	-1	-1	54	-1	732	-1	49	-1	292	-1	49	490	728	17	57	-1	-1	580	47	-1	286	578	-1	53	-1	722	-1	45	-1	282	-1	48	-1	572	-1	39	-1	490	-1	47	-1	422	-1	45	-1	128	-1	50	-1	418	710	-1	55	-1	562	-1	43	-1	560	-1	40	-1	266	-1	41	-1	702	-1	46	-1	-1	-1	-1	-1	114	-1	-1	42	-1	-1	-1	34	-1	-1	-1	38	-1	692	-1	37	-1	252	-1	52	-1	542	-1	47	-1	344	-1	344	-1	392	344	-1	-1	390	-1	344	41	344	242	344	38	-1	344	-1	28	-1	344	198	42	198	236	198	39	198	88	526	198	344	232	-1	-1	344	-1	636	344	30	-1	666	-1	43	-1	664	-1	43	-1	516	-1	29	344	514	-1	45	198	-1	-1	-1	-1
-1	344	-1	-1	56	-1	490	-1	47	-1	636	782	636	782	636	782	636	782	288	782	53	782	490	782	198	636	782	490	782	55	782	574	782	198	782	718	490	782	198	782	198	782	198	782	714	782	-1	636	782	40	782	126	782	-1	782	-1	782	-1	636	-1	636	490	53	636	704	636	50	636	264	636	50	636	408	700	636	490	782	698	782	37	782	696	636	782	636	782	636	782	344	782	198	782	490	690	782	34	782	688	782	29	782	394	782	43	782	246	636	782	38	782	682	782	31	636	782	636	36	636	782	-1	636	-1	782	-1	782	-1	636	782	35	782	344	782	40	636	378	670	782	636	782	668	-1	28	-1	782	-1	43	782	518	-1	35	-1	-1	490	490	490	782	782	782	-1	-1	-1	-1	-1
-1	-1	-1	-1	55	-1	732	-1	50	-1	292	-1	50	-1	582	-1	54	-1	-1	580	46	48	14	578	-1	51	-1	722	16	46	-1	17	-1	47	-1	572	-1	-1	-1	716	-1	48	-1	276	-1	46	-1	420	712	-1	55	418	710	-1	42	416	708	-1	54	-1	706	-1	41	-1	-1	-1	42	-1	702	-1	47	-1	-1	-1	-1	-1	406	-1	-1	53	-1	-1	-1	-1	-1	-1	-1	39	-1	692	-1	38	-1	252	-1	-1	-1	104	-1	48	-1	248	-1	44	-1	100	-1	-1	-1	390	-1	-1	44	-1	242	-1	39	-1	-1	-1	29	-1	384	-1	28	-1	236	-1	40	-1	380	526	31	-1	232	-1	-1	49	230	522	-1	31	-1	520	-1	44	-1	664	490	44	490	516	-1	40	-1	514	344	31	-1	-1	-1	-1	-1
-1	-1	-1	-1	0	11	14	13	1	2	730	-1	53	-1	15	728	15	16	288	16	54	17	17	-1	18	19	284	19	20	37	20	574	21	22	22	718	23	40	24	25	25	26	23	26	27	43	28	26	29	41	30	27	564	31	28	32	29	33	44	34	31	35	54	36	30	37	51	34	38	31	39	32	40	554	33	37	34	42	35	43	36	696	37	33	38	694	39	42	47	40	48	41	49	42	50	43	51	44	-1	45	49	46	686	44	47	392	48	52	49	54	54	50	32	51	534	52	41	53	386	-1	37	-1	530	58	54	59	55	60	36	61	56	62	57	-1	47	58	64	37	65	59	66	60	67	51	68	61	52	56	62	57	63	662	64	59	56	73	-1	57	-1	-1	-1	-1	-1
-1	-1	-1	-1	57	2	586	13	48	-1	146	-1	-1	-1	436	582	55	16	-1	580	52	18	140	578	-1	55	-1	722	20	54	-1	720	-1	57	-1	426	-1	47	21	716	-1	49	-1	-1	714	47	-1	420	712	-1	56	418	-1	-1	57	-1	708	-1	55	-1	706	-1	42	-1	-1	-1	46	-1	702	-1	48	-1	-1	700	-1	-1	406	698	-1	38	404	-1	-1	44	-1	-1	-1	36	-1	692	-1	39	-1	690	-1	42	-1	-1	-1	37	-1	-1	540	45	-1	100	684	-1	39	390	682	-1	-1	-1	388	-1	40	-1	-1	-1	48	-1	384	-1	29	-1	-1	-1	41	-1	88	-1	41	-1	232	524	-1	50	230	522	-1	346	-1	520	346	45	-1	226	-1	45	-1	516	-1	41	-1	514	-1	32	-1	-1	-1	-1	-1
-1	-1	-1	-1	56	346	732	346	784	346	784	346	784	346	784	728	638	784	288	784	492	784	492	784	492	346	638	784	638	47	784	346	784	48	784	718	-1	784	-1	784	200	784	346	784	346	784	346	784	566	784	346	638	784	346	784	346	784	346	784	346	784	492	784	492	784	638	43	638	556	638	52	492	638	554	638	492	638	200	638	38	784	550	784	34	784	694	200	784	200	784	200	784	346	784	346	784	638	784	638	49	784	248	784	346	784	392	784	346	784	346	200	784	784	638	346	784	42	784	638	784	30	200	784	200	44	346	528	-1	784	638	380	526	346	-1	638	346	638	784	376	638	784	784	638	228	200	784	-1	664	784	36	-1	78	-1	-1	-1	784	784	784	200	-1	-1	-1	-1
-1	-1	-1	-1	58	-1	586	-1	49	-1	146	-1	-1	-1	436	582	60	-1	-1	580	53	58	16	724	-1	56	-1	722	-1	58	-1	720	-1	58	-1	426	-1	55	-1	716	-1	50	-1	130	714	55	-1	420	712	-1	45	126	564	-1	58	-1	708	-1	45	-1	706	-1	-1	-1	-1	-1	47	-1	410	-1	49	-1	-1	700	43	-1	114	698	-1	39	258	696	-1	45	-1	256	-1	37	-1	692	-1	40	-1	690	-1	35	-1	-1	-1	38	-1	394	540	46	-1	100	684	40	39	390	682	-1	-1	-1	680	-1	41	-1	240	-1	638	-1	638	-1	638	-1	784	638	37	492	784	492	638	-1	492	524	38	-1	-1	522	-1	33	-1	520	-1	492	-1	518	-1	46	-1	662	-1	27	-1	514	-1	33	-1	-1	-1	-1	-1
-1	-1	-1	-1	57	11	732	-1	56	12	730	-1	51	13	290	728	14	16	13	726	17	56	17	578	18	58	-1	20	16	21	-1	22	21	23	22	718	24	42	25	24	26	25	-1	26	-1	48	-1	27	28	-1	29	418	710	-1	31	-1	32	30	28	33	560	34	43	35	29	36	44	37	702	30	37	31	38	32	40	33	41	40	34	45	35	43	36	35	37	694	38	41	39	47	-1	40	48	41	49	42	50	43	51	44	52	45	53	46	49	54	47	55	48	56	49	57	34	58	242	50	30	51	60	52	59	53	60	54	30	55	62	-1	42	63	56	64	33	46	57	47	-1	48	230	49	-1	50	67	58	51	59	61	60	70	61	62	516	62	42	-1	73	-1	54	-1	75	-1	-1	-1
-1	-1	-1	-1	59	13	0	0	50	-1	13	14	55	15	15	582	60	16	288	580	17	-1	18	724	19	57	-1	430	20	58	21	720	22	59	23	426	24	21	25	716	-1	23	-1	26	568	45	27	420	28	29	46	30	28	-1	31	-1	32	-1	46	-1	122	-1	51	-1	704	-1	47	-1	264	-1	50	-1	262	700	45	-1	260	698	-1	39	258	696	-1	46	-1	256	-1	38	-1	108	-1	43	-1	690	-1	44	-1	250	-1	30	-1	394	686	43	-1	246	684	41	46	98	682	-1	-1	388	534	-1	42	-1	240	-1	39	-1	384	-1	40	-1	382	-1	38	-1	234	-1	43	-1	232	-1	39	-1	-1	522	-1	35	-1	520	-1	46	-1	518	-1	47	-1	662	-1	28	-1	660	-1	34	-1	-1	-1	-1	-1
-1	-1	-1	-1	58	-1	732	-1	57	-1	-1	-1	51	-1	16	728	61	-1	-1	494	-1	57	140	578	-1	494	-1	722	-1	49	-1	282	-1	50	-1	572	-1	43	-1	132	-1	51	-1	276	714	49	-1	128	712	-1	39	418	710	-1	49	-1	708	-1	47	-1	706	-1	44	-1	-1	-1	45	-1	556	702	46	-1	408	-1	49	-1	114	-1	-1	46	-1	550	-1	50	-1	694	-1	42	-1	692	-1	55	348	252	348	43	348	104	348	-1	348	-1	348	-1	348	100	538	348	40	390	536	348	35	348	242	348	31	202	348	202	348	202	348	202	31	-1	236	-1	51	-1	380	348	348	-1	-1	348	-1	52	348	-1	-1	348	228	-1	-1	47	-1	664	-1	38	-1	516	-1	43	-1	348	348	786	-1	-1	-1	-1	-1
-1	494	348	494	60	494	586	494	51	640	438	786	494	640	786	640	786	348	786	726	786	202	786	202	640	786	640	786	348	786	348	786	494	786	494	718	786	640	786	640	786	640	786	422	786	46	786	420	786	202	59	786	640	786	640	786	494	786	47	640	494	640	494	348	704	348	640	348	640	494	640	-1	640	700	640	494	640	698	494	40	494	786	494	36	786	640	786	640	786	640	786	44	786	690	640	786	640	786	640	786	640	786	686	786	-1	786	-1	786	640	244	786	-1	786	-1	786	-1	786	494	640	786	640	786	640	786	24	786	494	640	786	786	234	640	786	640	786	640	40	-1	786	494	-1	640	-1	82	786	47	-1	786	640	28	-1	662	-1	29	494	786	786	786	-1	-1	-1	-1	-1
-1	-1	-1	-1	59	0	-1	-1	53	-1	292	-1	52	-1	290	582	58	-1	-1	580	-1	58	14	724	-1	58	-1	722	16	50	-1	17	-1	51	-1	572	-1	57	-1	716	-1	52	-1	276	714	50	-1	128	712	-1	47	418	-1	-1	60	-1	708	-1	58	-1	706	-1	45	-1	-1	-1	46	-1	556	702	47	-1	408	-1	45	-1	114	-1	-1	41	-1	-1	-1	-1	256	694	-1	40	-1	692	-1	42	-1	252	-1	-1	-1	104	-1	31	-1	-1	-1	45	-1	100	684	33	41	390	536	-1	48	388	242	-1	43	-1	532	-1	25	-1	384	-1	32	-1	236	-1	39	-1	380	-1	44	-1	-1	-1	-1	53	230	-1	-1	-1	228	520	494	48	494	494	-1	48	-1	516	-1	44	-1	660	-1	-1	-1	-1	-1	-1	-1
-1	-1	-1	-1	59	9	11	12	52	13	438	730	85	14	436	13	15	17	14	726	18	-1	15	18	16	61	17	21	20	18	21	19	22	22	24	718	25	44	20	25	21	26	26	24	27	47	28	28	29	30	42	31	710	31	54	32	562	33	22	34	414	35	31	33	704	-1	37	33	23	34	52	24	37	25	39	26	40	27	43	41	28	696	29	37	30	44	31	43	32	254	33	45	34	690	48	35	49	36	49	37	50	38	686	39	52	40	53	41	48	42	56	43	36	96	57	58	32	-1	59	42	60	60	43	61	25	61	45	62	31	63	44	64	24	48	45	49	41	50	46	51	47	32	69	48	61	49	71	50	72	51	56	63	52	64	53	514	-1	76	-1	-1	-1	-1	-1
-1	-1	-1	-1	61	-1	-1	-1	54	-1	292	-1	57	14	15	582	62	17	-1	580	-1	53	-1	724	-1	59	-1	722	-1	51	-1	720	-1	52	-1	-1	-1	21	-1	424	716	48	-1	-1	714	51	-1	-1	712	-1	48	418	-1	-1	61	-1	708	-1	59	-1	706	-1	-1	-1	-1	-1	47	-1	410	702	55	-1	262	700	46	-1	260	552	-1	42	258	-1	-1	48	256	694	-1	41	-1	692	-1	43	-1	106	-1	55	-1	-1	-1	32	-1	-1	540	-1	-1	246	684	34	42	390	682	-1	-1	388	242	-1	44	-1	532	-1	26	-1	384	-1	33	-1	382	-1	40	-1	-1	672	45	350	232	524	15	-1	230	522	-1	34	-1	520	-1	49	372	226	-1	49	-1	516	-1	45	-1	76	-1	35	-1	-1	-1	-1	-1
-1	350	-1	496	61	496	732	496	59	-1	788	730	53	788	496	788	496	788	496	788	350	788	-1	788	642	788	642	350	788	350	788	350	788	642	496	788	496	788	496	788	570	788	496	788	496	788	496	788	642	496	788	496	788	350	642	350	642	350	642	-1	560	642	46	642	558	642	56	642	350	204	53	496	408	554	48	496	204	496	204	41	788	642	788	38	350	788	350	788	350	788	496	788	-1	788	642	788	642	788	642	51	788	350	788	41	788	642	788	642	788	642	788	642	37	788	350	788	33	788	-1	350	788	496	788	-1	788	350	788	642	32	642	350	204	350	642	86	788	642	204	788	668	204	33	228	788	-1	204	788	664	204	642	-1	204	-1	30	788	788	788	788	-1	-1	-1	-1	-1
-1	-1	-1	-1	62	-1	586	-1	55	-1	292	-1	60	-1	-1	582	-1	63	-1	580	-1	54	432	724	-1	60	-1	138	-1	61	-1	720	-1	62	-1	426	-1	59	-1	424	716	49	-1	422	714	52	-1	420	712	-1	49	272	126	-1	62	-1	708	-1	60	-1	-1	-1	54	-1	704	-1	51	-1	410	-1	56	-1	262	262	47	-1	260	698	-1	43	258	696	-1	49	-1	256	-1	42	-1	108	-1	44	-1	690	-1	36	-1	250	-1	33	-1	394	540	-1	-1	246	684	35	49	390	682	-1	-1	388	534	-1	45	-1	532	-1	27	-1	384	496	34	-1	496	-1	41	-1	-1	642	25	496	232	524	16	-1	-1	522	-1	35	-1	-1	496	50	-1	518	-1	496	-1	516	-1	46	-1	514	350	350	-1	-1	-1	-1	-1
-1	-1	-1	-1	62	12	6	732	60	-1	-1	14	54	13	436	728	14	60	15	-1	17	16	18	17	17	18	18	722	19	19	20	20	21	21	-1	22	718	23	25	24	424	54	24	26	25	49	27	28	28	29	44	418	710	32	56	30	31	31	32	25	706	26	47	34	266	-1	48	-1	27	-1	28	35	36	29	52	30	114	31	-1	32	37	33	44	34	45	35	46	45	36	692	37	47	38	544	39	46	40	542	41	41	42	42	43	43	44	44	538	45	55	46	536	47	47	48	48	40	49	-1	50	-1	51	61	52	61	27	41	54	42	33	43	380	44	66	45	67	46	51	-1	52	-1	53	-1	54	520	55	-1	55	56	56	57	57	58	-1	75	-1	50	350	51	-1	52	77	-1	-1
-1	-1	-1	-1	63	0	586	1	53	-1	438	13	14	-1	15	16	14	64	434	15	-1	16	-1	724	-1	19	-1	138	20	62	21	574	22	63	-1	23	-1	47	22	25	716	59	26	422	714	-1	60	420	-1	-1	62	-1	126	-1	63	-1	562	-1	50	-1	414	-1	55	-1	704	-1	52	-1	-1	-1	57	-1	116	554	48	-1	260	698	-1	42	258	696	404	50	-1	256	-1	43	-1	400	-1	47	-1	690	-1	37	-1	688	-1	34	-1	102	686	47	-1	246	-1	36	-1	98	682	-1	-1	96	534	-1	46	-1	532	-1	28	-1	384	-1	35	-1	382	-1	42	-1	234	-1	47	-1	378	524	17	-1	-1	-1	19	36	-1	-1	-1	-1	-1	518	-1	27	-1	-1	-1	-1	-1	514	-1	36	-1	-1	-1	-1	-1
-1	352	-1	-1	498	-1	498	732	498	644	352	790	55	790	644	790	644	790	644	790	644	61	790	578	644	61	498	644	790	644	790	644	790	644	790	718	-1	790	-1	790	644	790	644	276	790	498	790	128	790	-1	790	644	790	644	790	644	790	352	61	352	560	414	48	352	352	790	49	498	556	498	50	352	498	352	206	352	114	206	352	50	352	206	352	54	352	694	352	46	-1	692	-1	59	-1	352	-1	57	206	352	396	53	206	352	394	43	352	206	684	206	352	390	536	-1	39	-1	388	352	35	352	386	352	206	-1	530	352	47	352	236	206	34	206	352	206	36	206	-1	-1	206	-1	230	644	376	-1	644	790	-1	51	-1	372	-1	51	-1	516	206	47	352	352	206	790	-1	-1	-1	-1	-1
-1	-1	-1	-1	-1	-1	586	-1	54	-1	292	730	62	-1	144	728	-1	65	-1	726	-1	-1	-1	286	790	62	790	138	-1	63	-1	136	-1	64	-1	426	352	48	498	352	570	60	498	352	714	352	50	274	566	420	45	-1	710	-1	498	-1	562	498	51	498	268	-1	60	-1	558	-1	58	-1	-1	410	55	-1	408	554	49	-1	-1	698	-1	43	790	696	790	40	-1	790	-1	790	-1	790	644	790	644	790	644	790	644	688	790	35	790	644	790	644	790	644	790	644	-1	790	682	790	644	790	644	790	644	790	240	-1	790	-1	790	384	790	498	790	644	43	790	352	790	26	790	644	-1	790	498	790	230	35	-1	82	-1	-1	-1	-1	790	-1	-1	-1	662	-1	498	498	790	790	790	-1	-1	-1	-1	-1
-1	-1	-1	-1	64	0	294	12	62	-1	146	-1	56	60	-1	582	-1	63	-1	580	-1	56	14	724	-1	52	-1	722	16	54	-1	720	428	55	-1	718	426	47	-1	132	716	56	-1	276	-1	-1	54	128	712	-1	51	-1	418	-1	64	-1	708	-1	62	-1	560	-1	49	-1	-1	412	50	-1	556	-1	51	-1	-1	-1	-1	-1	114	-1	-1	61	258	-1	-1	55	-1	694	402	47	-1	692	-1	46	-1	106	-1	49	-1	250	-1	54	-1	540	-1	-1	-1	246	684	37	-1	244	536	-1	48	-1	388	-1	47	-1	532	-1	29	-1	-1	-1	48	-1	236	-1	45	-1	-1	380	37	-1	-1	-1	36	-1	-1	376	-1	-1	-1	498	-1	52	498	-1	498	52	-1	516	-1	48	-1	352	-1	24	-1	-1	-1	-1	-1
-1	-1	-1	-1	61	12	10	732	55	14	-1	13	13	89	14	14	16	15	15	726	16	16	-1	17	19	18	20	19	20	20	21	18	21	40	22	23	23	49	24	424	570	25	26	26	27	-1	51	274	566	27	46	30	28	28	45	29	29	30	52	32	414	33	32	30	558	31	35	32	35	33	42	34	38	35	42	38	36	39	37	44	38	696	39	41	40	548	-1	41	44	42	45	43	46	44	47	39	-1	45	396	46	-1	50	47	44	48	48	49	43	50	50	34	51	40	52	56	53	36	54	386	55	45	56	530	40	57	41	58	62	59	63	60	64	61	65	51	62	45	63	67	64	36	65	69	66	62	67	55	44	68	72	69	73	58	74	-1	75	59	27	-1	-1	-1	-1	-1
-1	-1	-1	-1	65	-1	294	586	50	-1	292	-1	-1	52	16	582	17	64	142	580	-1	57	-1	286	-1	53	-1	576	430	65	-1	574	-1	56	-1	-1	-1	48	-1	132	716	52	-1	276	714	-1	55	128	712	-1	52	126	-1	-1	65	-1	562	-1	49	-1	706	-1	50	-1	-1	-1	53	-1	264	410	52	-1	-1	-1	50	-1	-1	552	-1	62	258	-1	-1	-1	-1	694	-1	45	-1	692	-1	61	-1	690	-1	50	-1	-1	-1	36	-1	540	-1	48	-1	100	684	38	-1	98	682	-1	41	-1	534	-1	48	-1	532	-1	30	-1	-1	-1	37	354	-1	354	44	-1	234	-1	38	-1	524	-1	18	-1	-1	230	-1	-1	228	520	-1	15	226	372	-1	53	-1	516	-1	354	354	514	-1	38	-1	-1	-1	-1	-1
-1	-1	-1	-1	65	500	354	732	792	-1	792	730	792	500	792	728	792	500	792	500	792	63	208	792	-1	792	354	792	646	792	646	792	646	41	792	718	792	50	792	500	792	57	792	500	792	500	792	500	-1	792	47	792	564	792	46	792	354	500	53	208	560	-1	354	354	266	412	51	354	556	500	43	354	408	500	43	354	114	208	354	45	-1	550	792	42	792	548	208	792	208	792	646	792	646	792	208	792	354	792	354	792	354	792	354	45	354	792	538	792	646	354	792	354	792	354	792	-1	792	646	678	792	46	792	530	792	52	792	236	646	792	354	792	354	646	792	646	792	646	792	84	792	646	792	82	646	792	46	-1	792	-1	792	646	370	-1	49	500	646	792	792	-1	-1	-1	-1	-1
-1	-1	-1	-1	66	-1	-1	586	59	-1	146	584	-1	62	144	582	-1	56	-1	142	-1	47	-1	432	-1	64	15	-1	-1	66	16	574	-1	66	-1	-1	280	49	-1	424	716	62	-1	130	714	-1	56	-1	420	-1	65	-1	272	-1	66	-1	562	-1	50	-1	122	-1	63	-1	558	266	55	-1	410	-1	60	-1	262	554	51	-1	-1	552	-1	63	258	696	-1	53	-1	256	-1	46	-1	546	254	47	-1	690	-1	40	-1	-1	-1	37	-1	540	-1	49	-1	-1	684	39	-1	98	682	-1	-1	96	680	-1	49	-1	532	-1	53	500	384	-1	38	-1	500	-1	45	-1	354	500	28	500	524	378	19	-1	500	-1	38	-1	-1	228	-1	16	226	518	-1	18	-1	-1	-1	-1	-1	354	-1	39	-1	-1	-1	-1	-1
-1	-1	-1	-1	66	8	12	13	52	-1	292	14	15	53	14	436	-1	15	17	726	16	64	-1	17	-1	18	-1	19	21	20	22	428	21	22	-1	23	23	24	-1	25	-1	58	22	276	23	-1	24	128	712	-1	48	25	710	25	47	30	26	29	31	30	560	31	44	37	412	33	43	27	556	-1	44	28	36	29	44	30	38	31	39	32	27	550	33	43	29	42	34	49	35	31	44	32	45	36	46	61	47	37	46	38	35	39	36	46	40	51	41	52	42	53	43	54	44	40	388	45	38	46	41	47	47	48	530	49	45	50	46	51	36	46	52	47	53	64	54	65	50	55	56	63	38	57	50	58	53	59	54	60	71	61	56	62	54	50	63	74	59	75	-1	-1	-1	-1	-1
-1	-1	-1	-1	67	5	2	12	57	60	438	730	14	15	-1	728	17	57	-1	142	288	48	18	-1	18	65	-1	20	-1	21	-1	574	22	67	23	426	-1	50	-1	570	-1	63	-1	422	714	-1	64	-1	566	-1	66	-1	272	-1	58	-1	562	-1	51	-1	414	-1	64	-1	558	-1	61	-1	-1	264	57	-1	554	-1	52	406	260	-1	404	46	-1	258	-1	54	-1	548	-1	44	-1	546	-1	51	-1	690	-1	41	-1	250	-1	38	-1	102	-1	51	-1	684	-1	40	-1	98	682	-1	-1	388	680	-1	50	-1	532	-1	58	-1	238	-1	51	-1	-1	-1	46	-1	234	-1	29	-1	-1	232	20	-1	376	-1	39	-1	-1	-1	-1	49	-1	518	-1	55	370	-1	356	17	-1	-1	-1	40	-1	-1	-1	-1	-1
-1	-1	-1	-1	66	502	294	502	438	53	648	794	648	794	648	794	502	794	502	794	502	794	502	794	502	794	502	794	576	40	794	648	794	58	794	134	794	64	794	424	716	794	794	502	794	356	57	356	712	356	49	356	794	356	48	794	502	502	65	502	356	-1	52	-1	502	266	53	210	410	502	45	502	408	356	45	356	-1	552	-1	356	794	402	210	58	356	694	356	50	356	692	356	63	-1	648	-1	648	396	794	-1	648	-1	648	794	47	-1	538	356	-1	356	390	536	43	356	242	534	-1	39	-1	94	356	48	356	384	356	39	356	382	356	48	-1	356	-1	40	210	648	210	27	-1	230	-1	-1	794	520	228	17	794	372	-1	794	19	-1	516	-1	51	210	514	648	794	-1	-1	-1	-1	-1
-1	-1	-1	-1	64	-1	440	732	58	61	-1	730	-1	-1	436	144	-1	67	-1	434	432	49	286	-1	-1	66	-1	284	-1	502	-1	502	-1	43	502	-1	572	58	502	-1	-1	64	57	-1	130	-1	51	502	566	502	67	502	710	502	59	416	562	-1	55	-1	560	-1	45	-1	412	-1	44	-1	556	-1	58	-1	116	-1	50	-1	-1	-1	-1	47	-1	696	-1	44	-1	256	-1	45	400	-1	-1	52	-1	690	-1	51	-1	542	-1	60	-1	686	502	648	-1	246	794	46	794	502	794	-1	794	242	96	794	48	794	678	794	502	794	676	794	49	648	794	648	794	794	648	526	794	502	794	502	48	794	502	794	39	648	-1	210	648	31	648	-1	648	29	-1	648	502	18	-1	794	794	41	-1	-1	-1	-1	-1
-1	-1	-1	-1	68	2	-1	586	-1	54	-1	146	-1	55	-1	582	-1	58	-1	580	13	60	-1	724	430	56	-1	15	-1	20	16	21	574	22	20	23	21	51	424	716	132	60	-1	23	26	420	58	-1	712	-1	24	-1	272	-1	49	-1	270	-1	52	-1	122	-1	53	-1	-1	558	54	-1	118	264	55	-1	262	554	-1	406	260	552	404	65	-1	258	-1	54	-1	548	-1	51	-1	692	-1	64	-1	106	-1	47	-1	48	-1	58	-1	-1	32	51	-1	100	684	41	-1	682	-1	44	-1	388	680	-1	51	-1	532	-1	384	238	-1	-1	40	382	-1	-1	37	-1	234	378	41	-1	524	-1	21	230	376	374	20	-1	48	520	18	-1	-1	518	502	20	502	52	-1	14	-1	54	-1	55	-1	-1	-1	-1	-1
-1	-1	-1	-1	68	9	13	10	12	59	13	730	14	15	14	728	-1	15	16	16	17	17	17	578	18	67	19	19	576	68	-1	18	22	44	19	718	572	24	21	25	25	70	65	-1	568	24	52	25	-1	26	50	27	-1	28	32	-1	29	-1	56	-1	31	560	46	27	33	410	45	25	-1	556	46	36	408	37	46	38	260	39	-1	48	-1	550	402	45	42	27	30	28	44	29	45	30	46	31	27	32	28	104	29	49	34	30	35	31	36	32	52	33	37	34	38	51	35	39	36	40	37	678	38	42	39	43	40	39	41	40	42	62	46	43	47	44	48	45	44	49	46	50	47	51	48	52	49	53	50	54	51	55	52	56	-1	73	57	53	356	54	75	42	-1	-1	-1	-1	-1
-1	-1	-1	504	69	-1	504	148	-1	13	292	584	-1	56	436	144	-1	59	-1	142	432	50	286	140	-1	57	-1	284	-1	42	-1	-1	574	60	-1	-1	280	52	-1	716	570	55	-1	-1	714	-1	59	-1	566	-1	49	-1	564	-1	50	416	562	-1	53	268	-1	412	54	-1	-1	558	57	-1	-1	-1	59	-1	-1	554	-1	-1	-1	-1	-1	66	-1	112	-1	-1	-1	110	-1	49	692	-1	546	50	-1	544	-1	-1	250	-1	542	61	-1	-1	102	53	-1	-1	390	42	-1	682	98	45	54	242	680	-1	52	386	358	-1	60	358	676	358	41	358	674	358	61	-1	-1	-1	56	-1	524	376	22	650	-1	-1	21	-1	-1	228	19	-1	-1	518	-1	21	-1	224	-1	15	358	514	-1	56	-1	-1	-1	-1	-1
-1	-1	-1	-1	69	-1	358	-1	650	60	650	796	650	504	796	582	796	650	796	650	796	650	724	796	578	796	-1	796	504	796	504	796	650	796	650	718	796	53	796	716	796	61	796	650	796	504	796	712	796	650	51	796	126	650	61	358	650	-1	650	-1	650	-1	47	504	358	504	46	212	358	212	47	358	262	358	47	406	-1	552	-1	49	696	358	-1	46	358	694	358	52	358	-1	358	53	212	650	212	53	-1	650	504	650	504	796	540	796	-1	796	684	796	358	796	536	796	504	388	796	650	796	504	796	504	796	238	504	796	30	796	90	796	38	796	358	650	31	796	670	650	50	650	84	374	796	650	358	796	650	372	796	650	-1	796	650	516	-1	504	504	796	796	796	-1	-1	-1	-1	-1
-1	-1	-1	-1	70	63	-1	732	-1	-1	-1	146	-1	57	-1	-1	-1	60	-1	726	-1	51	-1	-1	-1	58	15	138	576	69	-1	720	-1	61	-1	-1	-1	60	-1	-1	570	56	422	714	-1	-1	60	-1	566	-1	418	-1	710	-1	70	-1	270	562	68	414	122	560	55	-1	-1	-1	410	-1	-1	556	60	-1	408	-1	55	-1	260	114	-1	47	-1	-1	550	57	-1	-1	-1	47	692	108	-1	51	-1	-1	544	55	250	688	-1	62	-1	686	-1	54	-1	246	100	43	-1	682	98	46	-1	680	-1	-1	53	678	-1	-1	31	-1	676	530	42	-1	674	504	49	504	-1	526	44	504	232	-1	23	-1	504	522	22	-1	-1	-1	20	-1	504	504	58	504	504	78	-1	32	222	358	-1	-1	-1	-1	-1	-1	-1
-1	-1	-1	-1	440	9	13	294	-1	56	730	584	-1	14	436	290	15	62	-1	16	580	17	286	18	18	430	19	284	20	43	21	18	22	46	23	718	280	24	20	25	19	-1	62	-1	21	23	420	712	25	23	26	24	27	25	28	416	124	29	54	30	35	31	48	-1	32	120	47	29	34	30	48	35	41	554	31	37	-1	38	552	26	40	45	27	47	28	47	29	53	30	32	31	54	32	252	33	54	34	34	35	60	36	49	37	50	38	51	39	35	32	40	33	41	37	42	38	534	42	36	40	-1	37	43	38	42	44	43	45	44	46	45	47	46	48	47	524	49	48	50	49	51	50	46	52	-1	53	48	54	53	55	22	56	55	-1	16	358	74	53	17	54	-1	-1	-1	-1
-1	-1	-1	-1	71	67	1	732	586	61	-1	-1	12	58	-1	14	15	61	-1	726	-1	52	16	-1	578	69	18	-1	-1	70	-1	-1	136	62	-1	-1	572	61	-1	424	-1	57	67	-1	568	-1	68	-1	-1	-1	70	-1	126	710	71	-1	-1	-1	58	-1	-1	706	68	-1	-1	-1	60	-1	-1	-1	61	-1	262	-1	56	-1	406	-1	-1	50	-1	112	550	58	-1	694	548	48	-1	-1	-1	-1	-1	106	-1	42	-1	688	-1	39	394	102	686	55	-1	538	684	44	-1	244	536	46	-1	388	96	-1	54	-1	240	-1	51	238	-1	530	31	382	-1	-1	50	380	-1	-1	32	-1	670	-1	24	-1	668	-1	522	-1	-1	520	53	372	226	80	-1	32	-1	-1	516	33	-1	-1	-1	26	-1	-1	-1	-1	-1
-1	-1	-1	360	-1	70	506	-1	506	57	798	146	652	798	652	798	652	798	652	798	360	798	360	724	798	59	798	506	798	44	798	720	798	47	506	798	652	798	652	798	360	798	63	798	652	798	61	798	566	652	798	652	798	652	798	652	798	652	798	-1	652	798	652	798	360	798	652	798	360	798	58	798	408	798	49	360	798	360	798	404	798	652	798	46	360	110	360	54	692	-1	360	546	-1	360	652	55	652	360	652	61	-1	652	798	51	798	652	798	652	360	682	652	47	360	-1	680	-1	55	-1	678	214	32	360	-1	676	43	360	674	360	40	360	360	526	59	360	652	-1	652	798	-1	798	23	-1	798	652	21	798	-1	652	798	-1	-1	662	-1	17	360	798	798	652	-1	-1	-1	-1	-1
-1	-1	-1	-1	-1	72	-1	-1	-1	62	292	730	-1	-1	-1	290	582	62	16	-1	580	53	-1	140	578	430	-1	284	-1	71	-1	-1	574	63	-1	718	134	62	-1	-1	-1	-1	68	-1	714	-1	69	-1	712	-1	54	-1	-1	-1	63	416	270	-1	59	414	-1	-1	49	-1	-1	558	48	-1	-1	-1	49	-1	-1	-1	554	-1	-1	114	552	51	-1	-1	-1	48	-1	-1	548	49	-1	108	-1	55	-1	252	-1	43	-1	104	542	40	-1	248	506	56	506	-1	506	684	798	506	798	506	798	242	652	798	43	798	652	798	652	798	652	506	798	652	798	652	798	652	798	-1	798	-1	524	-1	25	506	-1	506	43	-1	-1	-1	520	-1	664	518	33	-1	-1	78	-1	34	652	652	798	18	-1	-1	-1	-1	-1
-1	-1	-1	-1	-1	5	9	148	586	58	-1	13	-1	59	15	728	15	70	-1	726	-1	70	18	18	19	60	20	-1	17	45	21	18	22	65	23	23	572	55	24	-1	25	25	64	-1	27	26	62	-1	27	28	30	-1	29	31	30	32	31	33	32	34	33	706	34	-1	120	35	58	36	35	37	62	38	41	116	37	-1	-1	39	-1	38	696	39	550	40	-1	41	-1	694	-1	43	-1	44	50	40	45	41	46	42	49	43	50	44	686	54	45	538	46	45	47	50	48	51	49	52	39	-1	56	40	54	50	33	51	56	52	57	53	44	54	59	380	55	60	56	61	57	62	58	63	59	64	60	68	61	69	22	62	67	506	23	72	69	516	70	18	56	75	-1	59	-1	-1	-1	-1	-1
-1	-1	-1	-1	-1	6	13	732	0	63	-1	14	14	97	14	15	15	63	16	17	-1	17	-1	18	18	19	-1	20	-1	576	21	720	136	48	-1	24	22	56	23	716	24	570	62	422	24	25	53	26	566	27	54	418	564	-1	710	33	708	30	562	31	268	32	66	412	-1	34	49	-1	39	556	50	-1	37	-1	50	-1	698	31	40	52	41	112	-1	49	-1	43	-1	50	692	-1	546	56	-1	106	544	44	-1	-1	542	65	-1	102	-1	52	-1	-1	-1	51	-1	-1	-1	48	-1	-1	680	53	44	-1	678	-1	53	-1	676	-1	33	-1	-1	-1	41	-1	672	526	34	-1	-1	-1	53	66	-1	67	44	-1	-1	-1	55	-1	-1	63	34	64	-1	65	36	35	222	-1	-1	19	-1	-1	-1	-1	-1
-1	-1	-1	-1	-1	73	-1	-1	586	59	-1	-1	-1	60	-1	-1	582	72	-1	-1	580	54	-1	140	578	61	430	722	-1	63	-1	-1	574	66	426	718	-1	70	-1	-1	-1	-1	65	-1	714	-1	63	-1	712	-1	72	272	-1	-1	54	-1	-1	-1	57	-1	122	-1	58	-1	-1	-1	62	-1	-1	118	63	-1	-1	554	-1	-1	-1	-1	552	50	-1	-1	-1	59	-1	-1	548	53	-1	108	-1	54	-1	-1	-1	57	-1	104	-1	41	362	-1	362	55	-1	362	684	46	-1	682	-1	362	-1	362	-1	534	56	362	532	-1	34	-1	362	-1	45	-1	674	-1	53	-1	362	-1	45	-1	524	-1	26	376	84	-1	25	-1	654	-1	23	-1	-1	518	24	-1	-1	78	57	362	362	514	-1	216	-1	-1	-1	-1	-1
-1	-1	-1	508	-1	70	-1	508	-1	362	800	730	800	362	800	728	800	654	800	654	800	654	800	654	362	800	362	800	654	800	654	800	654	800	654	800	654	56	800	654	800	654	800	654	800	654	800	654	362	800	55	-1	654	800	654	800	654	800	654	800	706	800	51	362	800	654	800	654	800	-1	800	-1	508	800	51	800	362	800	362	800	216	800	654	800	654	362	800	56	800	508	654	57	-1	654	362	654	508	654	508	654	508	686	216	53	216	538	654	800	-1	800	536	49	800	-1	800	-1	800	654	800	654	800	654	800	654	800	-1	654	800	42	88	654	800	35	800	670	216	800	800	668	522	800	-1	216	800	37	654	800	-1	46	-1	-1	662	19	654	800	800	800	20	-1	-1	-1	-1	-1
-1	-1	-1	-1	-1	74	-1	732	-1	59	-1	-1	584	61	-1	144	-1	64	-1	726	-1	55	-1	724	-1	72	-1	-1	576	74	-1	17	-1	74	-1	-1	-1	70	71	-1	-1	-1	70	-1	130	-1	64	-1	-1	-1	56	-1	564	-1	65	-1	708	562	72	-1	-1	560	59	-1	704	-1	63	-1	702	556	64	-1	700	-1	59	-1	698	-1	-1	71	-1	696	-1	61	-1	110	-1	54	-1	-1	546	55	-1	690	-1	45	-1	688	542	42	-1	-1	-1	-1	-1	46	-1	47	-1	48	-1	-1	49	-1	680	534	58	51	-1	678	35	53	-1	54	55	-1	55	-1	53	88	672	526	46	508	-1	508	27	-1	508	-1	508	-1	-1	-1	24	-1	-1	508	25	-1	508	-1	37	-1	362	-1	-1	-1	-1	-1	-1	-1	-1
-1	-1	-1	-1	-1	0	12	14	586	60	14	-1	-1	14	-1	15	15	66	16	16	17	17	-1	18	18	19	19	20	21	21	18	720	22	22	24	718	23	57	24	24	25	27	66	25	714	26	28	27	29	28	30	29	31	30	55	31	30	32	58	34	33	35	34	37	36	35	60	36	37	37	52	38	38	39	52	38	40	-1	39	54	40	45	41	65	42	548	694	48	692	39	45	58	-1	41	40	58	42	41	43	42	44	43	45	54	44	-1	45	41	46	682	47	50	48	-1	49	-1	50	57	51	58	47	52	48	53	35	49	54	50	55	-1	56	51	57	52	58	53	59	59	60	72	61	73	55	62	56	63	57	64	58	65	59	66	20	362	67	514	72	30	67	-1	-1	-1	-1
-1	-1	-1	-1	-1	75	-1	-1	-1	60	-1	730	-1	71	-1	-1	-1	65	288	-1	-1	56	-1	19	-1	20	-1	722	-1	74	-1	-1	-1	75	-1	-1	572	65	-1	-1	570	-1	71	-1	568	-1	55	-1	712	-1	57	-1	-1	-1	75	-1	-1	562	63	-1	706	-1	72	-1	-1	558	64	-1	-1	-1	69	-1	-1	-1	60	-1	-1	-1	-1	72	-1	-1	-1	62	-1	-1	-1	52	-1	-1	-1	71	-1	-1	-1	46	-1	104	542	43	-1	686	540	57	-1	-1	538	48	-1	-1	536	58	-1	-1	-1	59	-1	-1	-1	678	58	-1	676	-1	56	-1	-1	-1	54	88	-1	-1	62	-1	-1	-1	55	-1	668	-1	47	-1	-1	-1	25	-1	664	-1	36	-1	-1	662	37	368	-1	-1	-1	48	-1	-1	-1	-1	-1
-1	-1	-1	364	-1	74	510	586	510	73	656	802	656	802	364	802	656	802	218	802	218	802	-1	724	802	656	802	364	802	510	802	218	656	802	656	802	656	802	58	802	510	802	510	802	218	656	58	656	-1	656	-1	364	802	710	802	218	802	364	802	364	802	560	364	802	656	802	70	802	218	656	802	-1	802	364	802	364	802	364	802	364	-1	364	-1	66	364	694	364	-1	400	-1	364	57	364	544	218	364	218	364	364	-1	394	218	-1	364	-1	218	802	364	802	364	802	51	-1	802	680	802	364	802	532	802	218	802	530	802	364	656	802	364	802	364	526	-1	47	-1	656	802	656	802	218	802	-1	656	802	218	63	802	-1	656	802	-1	370	-1	21	-1	368	802	802	31	-1	-1	-1	-1	-1
-1	-1	-1	-1	-1	69	294	-1	-1	61	-1	-1	-1	-1	436	582	-1	77	-1	-1	-1	-1	-1	-1	578	74	-1	-1	-1	75	-1	-1	574	76	-1	280	718	66	-1	-1	-1	-1	72	-1	-1	-1	73	-1	566	-1	75	-1	-1	564	-1	-1	-1	-1	64	-1	706	-1	-1	266	-1	-1	-1	-1	264	556	70	-1	116	554	65	61	-1	-1	-1	55	404	550	-1	-1	-1	-1	-1	56	400	546	-1	-1	398	-1	-1	47	-1	510	-1	68	510	394	540	58	510	-1	684	62	-1	510	510	59	-1	510	-1	510	-1	386	510	678	59	510	-1	-1	510	-1	510	-1	68	510	802	-1	656	802	510	-1	510	-1	-1	-1	48	-1	-1	666	39	-1	-1	518	37	224	370	-1	39	-1	510	510	802	36	-1	-1	-1	-1	-1
-1	-1	-1	-1	-1	2	9	-1	-1	74	13	584	15	14	436	436	728	74	17	16	18	68	17	19	18	76	19	21	20	20	21	21	23	22	20	23	572	24	73	25	570	26	-1	-1	24	-1	25	-1	26	-1	27	-1	710	28	76	29	416	30	74	31	414	32	35	36	33	37	34	36	35	37	36	40	37	41	39	42	40	38	41	39	404	40	43	67	44	-1	47	45	48	46	49	36	398	41	690	49	42	52	43	53	40	44	45	41	46	42	47	43	57	48	58	49	59	50	46	51	47	52	678	42	53	49	54	50	55	65	56	66	57	67	58	64	59	47	60	48	35	61	668	62	72	51	63	666	64	53	65	54	66	55	67	62	56	63	75	-1	64	-1	-1	-1	-1	-1	-1
-1	-1	-1	-1	-1	0	11	13	2	-1	292	730	292	14	-1	728	-1	15	18	434	16	-1	-1	17	286	20	-1	284	21	76	22	428	720	77	24	134	280	25	26	26	278	27	66	422	714	29	74	274	712	31	-1	32	564	272	30	-1	416	-1	65	32	560	560	69	-1	266	704	-1	-1	410	702	-1	-1	408	700	66	62	406	552	-1	-1	258	696	-1	-1	402	694	-1	57	-1	546	-1	-1	-1	690	-1	72	-1	542	-1	-1	-1	102	-1	59	-1	392	538	63	-1	390	-1	52	-1	388	534	-1	-1	240	532	-1	60	384	530	-1	-1	382	674	-1	69	234	672	-1	-1	232	670	670	-1	-1	522	-1	62	-1	374	666	40	-1	226	518	-1	-1	224	-1	40	364	-1	660	32	-1	-1	-1	-1	-1	-1
-1	-1	-1	512	-1	512	-1	732	-1	512	-1	730	512	-1	512	728	512	75	-1	726	-1	69	-1	724	724	-1	-1	722	722	74	-1	428	720	77	-1	426	718	-1	-1	-1	716	-1	73	-1	714	-1	-1	-1	712	566	76	-1	564	-1	77	-1	708	270	75	-1	706	-1	-1	-1	704	558	-1	-1	702	702	64	-1	700	700	-1	-1	406	698	-1	74	258	696	-1	-1	-1	694	-1	-1	-1	692	400	73	220	690	398	-1	366	688	396	220	366	686	394	220	366	684	392	220	366	682	682	366	220	680	680	366	220	678	678	-1	366	530	676	220	58	220	674	220	366	220	672	-1	49	-1	670	232	-1	-1	668	230	-1	-1	520	374	-1	658	664	664	-1	-1	516	516	512	366	368	660	658	804	-1	-1	-1	-1	-1
-1	-1	-1	366	-1	366	-1	732	-1	366	-1	804	730	804	220	804	728	804	512	804	726	726	804	724	724	804	658	804	722	804	576	804	720	804	804	718	718	804	220	804	716	716	67	658	804	714	804	366	804	366	804	366	804	366	804	220	804	708	804	366	804	512	220	804	704	804	220	804	702	804	702	804	700	700	804	220	658	698	698	220	658	696	696	366	-1	694	220	658	220	692	692	658	-1	804	366	512	-1	688	542	-1	512	686	804	-1	804	684	804	512	804	682	804	62	804	680	680	804	-1	804	678	804	69	804	676	804	658	-1	804	528	804	-1	804	88	804	658	670	804	36	804	804	522	-1	804	666	666	666	804	518	664	664	-1	662	662	41	658	804	804	804	220	-1	-1	-1	-1	-1
-1	-1	-1	-1	-1	-1	-1	-1	732	-1	-1	-1	-1	-1	-1	-1	582	76	-1	-1	580	-1	-1	-1	578	-1	-1	-1	-1	-1	-1	-1	-1	-1	-1	-1	-1	-1	-1	-1	-1	570	-1	-1	-1	-1	75	-1	-1	-1	77	-1	-1	564	564	-1	-1	-1	76	-1	-1	560	-1	-1	-1	-1	558	-1	-1	-1	-1	-1	-1	-1	-1	-1	-1	-1	552	75	-1	-1	-1	-1	-1	-1	-1	58	-1	-1	-1	-1	-1	-1	-1	-1	-1	-1	-1	-1	-1	-1	-1	-1	-1	-1	-1	-1	-1	-1	-1	-1	-1	-1	-1	512	-1	-1	532	678	512	-1	-1	-1	512	-1	-1	674	70	512	512	526	526	-1	512	524	-1	512	-1	522	-1	-1	-1	-1	-1	-1	-1	-1	518	-1	-1	-1	516	-1	366	366	-1	-1	-1	-1	-1	-1	-1
-1	-1	-1	-1	-1	-1	-1	-1	-1	-1	-1	-1	-1	-1	-1	-1	-1	-1	-1	-1	-1	-1	-1	-1	-1	-1	-1	-1	-1	-1	-1	-1	-1	-1	-1	-1	-1	-1	-1	-1	-1	-1	-1	-1	-1	-1	-1	-1	-1	-1	-1	-1	-1	-1	-1	-1	-1	-1	-1	-1	-1	-1	-1	-1	-1	-1	-1	-1	-1	-1	65	-1	-1	-1	-1	-1	-1	-1	-1	-1	-1	-1	-1	-1	-1	-1	-1	-1	-1	-1	-1	-1	-1	-1	-1	-1	-1	-1	-1	-1	-1	-1	-1	-1	-1	-1	-1	-1	-1	-1	-1	-1	-1	-1	-1	-1	-1	-1	-1	-1	-1	-1	-1	-1	-1	-1	-1	-1	-1	-1	-1	-1	-1	-1	-1	-1	37	-1	-1	-1	-1	-1	-1	-1	512	512	-1	512	-1	-1	-1	-1	-1	-1	-1	-1	-1	-1	-1	-1	-1	-1	-1
